,time,dis,dis_3,dis_7,max_dt_3days,3max_dt_3days,7max_dt_3days,station
1997-01-02,1997-01-02,112.16514,103.16956,91.27708,112.1651382446289,103.16956329345703,91.2770767211914,G5056
1997-01-05,1997-01-05,103.059654,93.98743,84.51216,112.1651382446289,103.16956329345703,91.2770767211914,G5056
1997-01-09,1997-01-09,91.20762,84.44686,78.13203,112.1651382446289,103.16956329345703,91.2770767211914,G5056
1997-01-12,1997-01-12,84.33403,79.4768,73.94338,112.1651382446289,103.16956329345703,91.2770767211914,G5056
1997-01-16,1997-01-16,77.97605,73.953354,70.175545,103.05965423583984,93.9874267578125,93.77018737792969,G5056
1997-01-19,1997-01-19,73.788765,70.59251,73.52453,91.2076187133789,93.7151870727539,93.77018737792969,G5056
1997-01-23,1997-01-23,70.13972,73.40341,87.3989,93.77322387695312,93.7151870727539,93.77018737792969,G5056
1997-01-26,1997-01-26,73.35645,83.66566,93.77019,93.77322387695312,93.7151870727539,93.77018737792969,G5056
1997-01-30,1997-01-30,87.31542,93.71519,90.6976,93.77322387695312,93.7151870727539,93.77018737792969,G5056
1997-02-02,1997-02-02,93.773224,92.38546,84.27589,93.77322387695312,93.7151870727539,93.77018737792969,G5056
1997-02-06,1997-02-06,90.561386,84.230865,75.48372,93.77322387695312,93.7151870727539,93.77018737792969,G5056
1997-02-09,1997-02-09,84.09346,77.43104,70.44857,93.77322387695312,93.7151870727539,90.69760131835938,G5056
1997-02-13,1997-02-13,75.33335,70.30882,65.144356,93.77322387695312,92.38545989990234,84.27588653564453,G5056
1997-02-16,1997-02-16,70.31962,66.41245,61.226276,90.56138610839844,84.23086547851562,75.48371887207031,G5056
1997-02-20,1997-02-20,65.0963,61.123077,55.244244,84.09346008300781,77.43103790283203,70.44857025146484,G5056
1997-02-23,1997-02-23,61.084274,56.66911,49.995094,75.3333511352539,70.30882263183594,65.14435577392578,G5056
1997-02-27,1997-02-27,55.15162,50.097717,41.278267,70.31961822509766,66.4124526977539,61.22627639770508,G5056
1997-03-02,1997-03-02,49.887367,43.514767,36.273827,65.09629821777344,61.123077392578125,55.24424362182617,G5056
1997-03-06,1997-03-06,40.569763,35.598152,31.454348,61.08427429199219,56.66910934448242,49.995094299316406,G5056
1997-03-09,1997-03-09,35.53248,32.65406,29.220139,55.15161895751953,50.09771728515625,41.27826690673828,G5056
1997-03-13,1997-03-13,31.335648,29.457787,27.649431,49.887367248535156,43.514766693115234,43.607357025146484,G5056
1997-03-16,1997-03-16,28.964903,27.811934,29.920015,40.56976318359375,42.55870056152344,44.419189453125,G5056
1997-03-20,1997-03-20,27.295572,29.564827,37.388374,42.7860221862793,44.771549224853516,44.419189453125,G5056
1997-03-23,1997-03-23,29.087692,34.69607,43.607357,42.7860221862793,44.771549224853516,44.419189453125,G5056
1997-03-27,1997-03-27,36.74423,42.5587,44.41919,42.7860221862793,44.771549224853516,47.4306526184082,G5056
1997-03-30,1997-03-30,42.786022,44.77155,39.71053,42.849422454833984,48.22939682006836,77.4811019897461,G5056
1997-04-03,1997-04-03,42.61581,40.082977,41.87379,45.80658721923828,62.64167022705078,130.96890258789062,G5056
1997-04-06,1997-04-06,39.65067,42.156483,47.430653,68.52598571777344,126.3138198852539,196.73809814453125,G5056
1997-04-10,1997-04-10,42.849422,48.229397,77.4811,124.18743896484375,181.6951904296875,219.7852325439453,G5056
1997-04-13,1997-04-13,45.806587,62.64167,130.9689,189.81259155273438,210.73684692382812,266.1013488769531,G5056
1997-04-17,1997-04-17,68.525986,126.31382,196.7381,208.7968292236328,239.83372497558594,287.27838134765625,G5056
1997-04-20,1997-04-20,124.18744,181.69519,219.78523,254.7104034423828,284.2025146484375,309.9269714355469,G5056
1997-04-24,1997-04-24,189.81259,210.73685,266.10135,284.1521911621094,308.4961242675781,349.1953125,G5056
1997-04-27,1997-04-27,208.79683,239.83372,287.27838,308.4802551269531,341.8056945800781,393.6087951660156,G5056
1997-05-01,1997-05-01,254.7104,284.2025,309.92697,340.0333557128906,385.34197998046875,396.383544921875,G5056
1997-05-04,1997-05-04,284.1522,308.49612,349.1953,392.7311706542969,388.09100341796875,396.383544921875,G5056
1997-05-08,1997-05-08,308.48026,341.8057,393.6088,392.7311706542969,388.09100341796875,396.383544921875,G5056
1997-05-11,1997-05-11,340.03336,385.34198,396.38354,392.7311706542969,388.09100341796875,396.383544921875,G5056
1997-05-15,1997-05-15,392.73117,388.091,386.7247,392.7311706542969,388.09100341796875,396.383544921875,G5056
1997-05-18,1997-05-18,384.92606,373.2078,380.7066,392.7311706542969,388.09100341796875,396.383544921875,G5056
1997-05-22,1997-05-22,376.51013,381.07303,356.62396,392.7311706542969,388.09100341796875,396.383544921875,G5056
1997-05-25,1997-05-25,377.99762,367.4025,320.55954,392.7311706542969,388.09100341796875,386.7247009277344,G5056
1997-05-29,1997-05-29,352.70392,315.05255,271.52396,384.9260559082031,381.0730285644531,380.70660400390625,G5056
1997-06-01,1997-06-01,314.11105,278.4869,258.83572,377.99761962890625,381.0730285644531,356.62396240234375,G5056
1997-06-05,1997-06-05,263.49167,252.5486,242.93646,377.99761962890625,367.4024963378906,320.5595397949219,G5056
1997-06-08,1997-06-08,245.00632,241.15848,232.33575,352.70391845703125,315.05255126953125,271.5239562988281,G5056
1997-06-12,1997-06-12,231.27946,228.49712,216.67348,314.1110534667969,278.4869079589844,258.8357238769531,G5056
1997-06-15,1997-06-15,224.13824,224.28824,200.15996,263.4916687011719,252.54859924316406,242.93646240234375,G5056
1997-06-19,1997-06-19,219.48322,201.72452,191.0846,245.00631713867188,241.15847778320312,232.33575439453125,G5056
1997-06-22,1997-06-22,200.66655,183.50783,189.12486,231.2794647216797,228.4971160888672,216.67347717285156,G5056
1997-06-26,1997-06-26,171.42163,184.54672,207.05675,224.13824462890625,224.28823852539062,207.05674743652344,G5056
1997-06-29,1997-06-29,184.95898,195.70372,190.94127,219.48321533203125,201.72451782226562,207.05674743652344,G5056
1997-07-03,1997-07-03,191.17068,188.87701,163.92342,200.6665496826172,195.70372009277344,207.05674743652344,G5056
1997-07-06,1997-07-06,193.01367,171.89949,156.31276,193.013671875,195.70372009277344,207.05674743652344,G5056
1997-07-10,1997-07-10,158.8492,148.37851,166.49127,193.013671875,195.70372009277344,190.94126892089844,G5056
1997-07-13,1997-07-13,142.02055,156.6683,151.77026,193.013671875,188.87701416015625,166.49127197265625,G5056
1997-07-17,1997-07-17,154.22346,150.33124,134.19394,193.013671875,171.8994903564453,166.49127197265625,G5056
1997-07-20,1997-07-20,144.25221,134.08876,115.002945,158.8491973876953,156.66830444335938,166.49127197265625,G5056
1997-07-24,1997-07-24,124.771866,107.66848,85.82481,154.2234649658203,156.66830444335938,151.770263671875,G5056
1997-07-27,1997-07-27,104.911995,88.697716,75.76315,154.2234649658203,150.33123779296875,134.19393920898438,G5056
1997-07-31,1997-07-31,79.03584,83.46038,112.449356,144.25221252441406,134.08876037597656,115.00294494628906,G5056
1997-08-03,1997-08-03,77.942154,91.18266,99.945274,124.77186584472656,107.6684799194336,112.44935607910156,G5056
1997-08-07,1997-08-07,92.355965,96.87758,95.77194,104.91199493408203,108.30236053466797,112.44935607910156,G5056
1997-08-10,1997-08-10,98.38979,91.08283,101.93804,101.40003967285156,108.30236053466797,112.44935607910156,G5056
1997-08-14,1997-08-14,90.9059,102.48155,109.52156,101.40003967285156,108.30236053466797,109.52156066894531,G5056
1997-08-17,1997-08-17,98.60389,108.30236,93.98601,101.40003967285156,108.30236053466797,109.52156066894531,G5056
1997-08-21,1997-08-21,101.40004,88.88086,72.957344,101.40003967285156,108.30236053466797,109.52156066894531,G5056
1997-08-24,1997-08-24,87.59882,81.23089,64.29816,101.40003967285156,108.30236053466797,109.52156066894531,G5056
1997-08-28,1997-08-28,73.67918,59.596268,48.14577,101.40003967285156,108.30236053466797,93.98600769042969,G5056
1997-08-31,1997-08-31,54.23538,43.652664,37.219368,101.40003967285156,88.880859375,72.95734405517578,G5056
1997-09-04,1997-09-04,40.315918,35.187214,29.79786,87.59882354736328,81.23088836669922,64.29815673828125,G5056
1997-09-07,1997-09-07,34.930443,31.439785,36.56048,73.6791763305664,59.66643524169922,61.24993896484375,G5056
1997-09-11,1997-09-11,27.670702,37.50688,57.191746,58.89701461791992,60.61598205566406,61.24993896484375,G5056
1997-09-14,1997-09-14,35.128666,48.873623,61.24994,58.89701461791992,60.61598205566406,61.24993896484375,G5056
1997-09-18,1997-09-18,51.403233,59.666435,59.474,58.89701461791992,60.61598205566406,70.87818145751953,G5056
1997-09-21,1997-09-21,58.897015,60.615982,55.10703,58.89701461791992,67.60523986816406,93.12106323242188,G5056
1997-09-25,1997-09-25,53.96231,52.812943,55.46058,66.8980484008789,83.2673110961914,104.5740966796875,G5056
1997-09-28,1997-09-28,50.935635,52.172886,70.87818,86.05052947998047,100.32951354980469,115.72808074951172,G5056
1997-10-02,1997-10-02,50.414803,67.60524,93.12106,99.19403076171875,111.50111389160156,130.7044677734375,G5056
1997-10-05,1997-10-05,66.89805,83.26731,104.5741,109.68315887451172,124.86122131347656,159.52854919433594,G5056
1997-10-09,1997-10-09,86.05053,100.32951,115.72808,126.55779266357422,148.2652130126953,176.2509002685547,G5056
1997-10-12,1997-10-12,99.19403,111.501114,130.70447,155.16368103027344,170.56207275390625,228.1288299560547,G5056
1997-10-16,1997-10-16,109.68316,124.86122,159.52855,169.34121704101562,200.51023864746094,271.9595947265625,G5056
1997-10-19,1997-10-19,126.55779,148.26521,176.2509,224.2552490234375,268.4278869628906,329.4951477050781,G5056
1997-10-23,1997-10-23,155.16368,170.56207,228.12883,265.3927001953125,310.4880065917969,362.4346008300781,G5056
1997-10-26,1997-10-26,169.34122,200.51024,271.9596,325.17364501953125,360.6605224609375,362.4346008300781,G5056
1997-10-30,1997-10-30,224.25525,268.4279,329.49515,358.4331359863281,360.6605224609375,362.4346008300781,G5056
1997-11-02,1997-11-02,265.3927,310.488,362.4346,358.4331359863281,360.6605224609375,362.4346008300781,G5056
1997-11-06,1997-11-06,325.17365,360.66052,342.1273,358.4331359863281,360.6605224609375,362.4346008300781,G5056
1997-11-09,1997-11-09,358.43314,348.73248,313.565,358.4331359863281,360.6605224609375,362.4346008300781,G5056
1997-11-13,1997-11-13,337.38245,303.27228,262.5137,358.4331359863281,360.6605224609375,362.4346008300781,G5056
1997-11-16,1997-11-16,303.51016,271.90417,261.10086,358.4331359863281,360.6605224609375,342.1272888183594,G5056
1997-11-20,1997-11-20,261.7618,259.51144,318.38336,358.4331359863281,348.73248291015625,353.6752624511719,G5056
1997-11-23,1997-11-23,256.26706,299.7128,333.03745,337.3824462890625,351.0452880859375,379.4461364746094,G5056
1997-11-27,1997-11-27,312.01724,330.02307,330.0737,350.64208984375,374.280029296875,388.3760986328125,G5056
1997-11-30,1997-11-30,327.24548,325.75775,353.67526,377.40509033203125,385.2018127441406,388.3760986328125,G5056
1997-12-04,1997-12-04,327.3967,351.0453,379.44614,384.4051208496094,385.2018127441406,388.3760986328125,G5056
1997-12-07,1997-12-07,350.6421,374.28003,388.3761,384.4051208496094,385.2018127441406,388.3760986328125,G5056
1997-12-11,1997-12-11,377.4051,385.2018,378.32587,384.4051208496094,385.2018127441406,388.3760986328125,G5056
1997-12-14,1997-12-14,384.40512,380.70428,362.8864,384.4051208496094,385.2018127441406,388.3760986328125,G5056
1997-12-18,1997-12-18,376.53192,362.69485,341.2085,384.4051208496094,385.2018127441406,388.3760986328125,G5056
1997-12-21,1997-12-21,362.50006,346.74127,321.34525,384.4051208496094,385.2018127441406,378.32586669921875,G5056
1997-12-25,1997-12-25,339.4775,319.91174,290.80405,384.4051208496094,380.70428466796875,362.88641357421875,G5056
1997-12-28,1997-12-28,318.57758,296.203,277.48352,376.53192138671875,362.6948547363281,341.20849609375,G5056
1998-01-02,1998-01-02,282.31427,276.48633,297.44913,362.50006103515625,346.74127197265625,321.3452453613281,G5056
1998-01-05,1998-01-05,276.30502,291.81256,291.811,339.4775085449219,319.9117431640625,297.4491271972656,G5056
1998-01-09,1998-01-09,295.9362,290.99072,268.6015,318.57757568359375,296.2030029296875,297.4491271972656,G5056
1998-01-12,1998-01-12,290.5239,272.48688,253.01604,295.9361877441406,291.81256103515625,297.4491271972656,G5056
1998-01-16,1998-01-16,266.97467,252.27954,220.92471,295.9361877441406,291.81256103515625,291.8110046386719,G5056
1998-01-19,1998-01-19,252.4252,230.21158,192.06754,295.9361877441406,290.99072265625,268.60150146484375,G5056
1998-01-23,1998-01-23,220.56325,191.76448,161.01564,290.5238952636719,272.48687744140625,253.0160369873047,G5056
1998-01-26,1998-01-26,191.6286,167.23962,147.6302,266.97467041015625,252.279541015625,220.92471313476562,G5056
1998-01-30,1998-01-30,160.75038,147.47784,137.16905,252.42520141601562,230.21157836914062,192.06753540039062,G5056
1998-02-02,1998-02-02,147.39214,139.27318,131.87822,220.56324768066406,191.7644805908203,161.01564025878906,G5056
1998-02-06,1998-02-06,136.96138,131.81674,129.66344,191.62860107421875,167.2396240234375,147.6302032470703,G5056
1998-02-09,1998-02-09,131.72316,129.6523,128.2905,160.75038146972656,147.47784423828125,137.16905212402344,G5056
1998-02-13,1998-02-13,129.2918,127.99374,118.765236,147.3921356201172,139.27317810058594,131.8782196044922,G5056
1998-02-16,1998-02-16,127.79982,121.77636,106.49031,136.9613800048828,131.81674194335938,129.66343688964844,G5056
1998-02-20,1998-02-20,118.32136,106.32237,89.14995,131.72315979003906,129.6522979736328,128.29049682617188,G5056
1998-02-23,1998-02-23,106.1744,93.104515,77.11303,129.2917938232422,127.99373626708984,118.7652359008789,G5056
1998-02-27,1998-02-27,88.9702,76.94511,60.22335,127.79981994628906,121.77635955810547,106.49031066894531,G5056
1998-03-02,1998-03-02,76.87514,63.79297,50.95172,118.32135772705078,106.32237243652344,89.14994812011719,G5056
1998-03-06,1998-03-06,59.816383,50.646835,41.705982,106.17440032958984,93.1045150756836,77.11302947998047,G5056
1998-03-09,1998-03-09,51.36442,44.06518,39.017345,88.97019958496094,76.94510650634766,72.88615417480469,G5056
1998-03-13,1998-03-13,42.21747,38.846535,42.904896,76.87513732910156,67.19180297851562,87.45260620117188,G5056
1998-03-16,1998-03-16,38.570217,40.36968,52.8865,71.21440124511719,86.02725219726562,105.1957778930664,G5056
1998-03-20,1998-03-20,40.97664,52.12603,72.886154,85.20043182373047,100.58639526367188,117.08452606201172,G5056
1998-03-23,1998-03-23,51.72379,67.1918,87.45261,103.97579193115234,119.6398696899414,130.61358642578125,G5056
1998-03-27,1998-03-27,71.2144,86.02725,105.19578,116.41913604736328,127.29608154296875,130.61358642578125,G5056
1998-03-30,1998-03-30,85.20043,100.586395,117.084526,127.0569076538086,127.29608154296875,130.61358642578125,G5056
1998-04-03,1998-04-03,103.97579,119.63987,130.61359,127.0569076538086,127.29608154296875,130.61358642578125,G5056
1998-04-06,1998-04-06,116.419136,127.29608,128.11113,127.0569076538086,127.29608154296875,130.61358642578125,G5056
1998-04-10,1998-04-10,127.05691,124.85131,107.7772,127.0569076538086,127.29608154296875,130.61358642578125,G5056
1998-04-13,1998-04-13,124.9764,114.832054,93.017975,127.0569076538086,127.29608154296875,130.61358642578125,G5056
1998-04-17,1998-04-17,110.52208,93.69003,81.38036,127.0569076538086,127.29608154296875,162.84715270996094,G5056
1998-04-20,1998-04-20,92.55535,81.33791,84.40531,127.0569076538086,159.2271728515625,202.0993194580078,G5056
1998-04-24,1998-04-24,79.792046,83.75915,127.80909,152.98902893066406,184.9013671875,228.92262268066406,G5056
1998-04-27,1998-04-27,83.932014,111.86698,162.84715,190.10511779785156,229.70875549316406,263.67230224609375,G5056
1998-05-01,1998-05-01,125.293396,159.22717,202.09932,229.90069580078125,265.523681640625,279.2509765625,G5056
1998-05-04,1998-05-04,152.98903,184.90137,228.92262,265.2023620605469,265.523681640625,305.23114013671875,G5056
1998-05-08,1998-05-08,190.10512,229.70876,263.6723,265.2023620605469,287.6959533691406,336.1883239746094,G5056
1998-05-11,1998-05-11,229.9007,265.52368,279.25098,292.4869079589844,333.26702880859375,347.5296936035156,G5056
1998-05-15,1998-05-15,265.20236,264.425,305.23114,325.1612854003906,342.27203369140625,369.89556884765625,G5056
1998-05-18,1998-05-18,264.55814,287.69595,336.18832,337.1313781738281,359.5336608886719,370.0712890625,G5056
1998-05-22,1998-05-22,292.4869,333.26703,347.5297,360.1466979980469,371.2549133300781,370.0712890625,G5056
1998-05-25,1998-05-25,325.1613,342.27203,369.89557,367.5357971191406,371.2549133300781,370.0712890625,G5056
1998-05-29,1998-05-29,337.13138,359.53366,370.0713,367.5357971191406,371.2549133300781,370.0712890625,G5056
1998-06-01,1998-06-01,360.1467,371.2549,340.24585,367.5357971191406,371.2549133300781,370.0712890625,G5056
1998-06-05,1998-06-05,367.5358,345.2618,287.16635,367.5357971191406,371.2549133300781,370.0712890625,G5056
1998-06-08,1998-06-08,337.65298,296.52325,254.12614,367.5357971191406,371.2549133300781,370.0712890625,G5056
1998-06-12,1998-06-12,274.225,252.02238,267.74796,367.5357971191406,371.2549133300781,340.245849609375,G5056
1998-06-15,1998-06-15,241.53055,257.05594,282.1414,367.5357971191406,345.2618103027344,287.1663513183594,G5056
1998-06-19,1998-06-19,255.57861,279.8714,261.20862,337.6529846191406,296.52325439453125,282.1413879394531,G5056
1998-06-22,1998-06-22,267.54773,259.90164,229.67444,274.2250061035156,279.87139892578125,282.1413879394531,G5056
1998-06-26,1998-06-26,252.38062,223.85394,208.00548,267.5477294921875,279.87139892578125,282.1413879394531,G5056
1998-06-29,1998-06-29,216.55658,204.8428,187.90773,267.5477294921875,279.87139892578125,261.2086181640625,G5056
1998-07-03,1998-07-03,188.8249,193.49709,199.27863,267.5477294921875,259.9016418457031,229.6744384765625,G5056
1998-07-06,1998-07-06,182.97339,176.03145,206.7972,252.380615234375,223.85394287109375,208.00547790527344,G5056
1998-07-10,1998-07-10,185.17694,192.83775,188.33186,216.55657958984375,204.84280395507812,211.9186248779297,G5056
1998-07-13,1998-07-13,191.83588,190.46877,195.10222,192.6262969970703,203.32447814941406,280.72406005859375,G5056
1998-07-17,1998-07-17,189.33733,198.12048,201.95702,214.93531799316406,274.1939697265625,355.6662292480469,G5056
1998-07-20,1998-07-20,186.28123,194.51674,211.91862,278.0030822753906,363.4852600097656,355.6662292480469,G5056
1998-07-24,1998-07-24,192.6263,203.32448,280.72406,354.5815734863281,363.4852600097656,355.6662292480469,G5056
1998-07-27,1998-07-27,214.93532,274.19397,355.66623,354.5815734863281,363.4852600097656,355.6662292480469,G5056
1998-07-31,1998-07-31,278.00308,363.48526,344.79388,354.5815734863281,363.4852600097656,355.6662292480469,G5056
1998-08-03,1998-08-03,354.58157,337.7408,293.65683,354.5815734863281,363.4852600097656,355.6662292480469,G5056
1998-08-07,1998-08-07,313.077,296.16162,269.0901,354.5815734863281,363.4852600097656,355.6662292480469,G5056
1998-08-10,1998-08-10,293.96948,263.24203,250.07784,354.5815734863281,363.4852600097656,344.79388427734375,G5056
1998-08-14,1998-08-14,253.80322,263.9701,250.17249,354.5815734863281,337.7408142089844,293.6568298339844,G5056
1998-08-17,1998-08-17,245.08379,233.6879,223.88297,313.0769958496094,296.16162109375,269.090087890625,G5056
1998-08-21,1998-08-21,225.06926,225.74777,231.7416,293.969482421875,263.9700927734375,250.1724853515625,G5056
1998-08-24,1998-08-24,222.18307,218.06242,205.25548,253.80322265625,263.9700927734375,250.1724853515625,G5056
1998-08-28,1998-08-28,207.60143,204.75313,211.79955,245.0837860107422,233.68789672851562,231.74159240722656,G5056
1998-08-31,1998-08-31,195.4484,194.43506,214.38882,225.0692596435547,225.74777221679688,231.74159240722656,G5056
1998-09-04,1998-09-04,197.90405,205.6071,201.7638,222.18307495117188,218.0624237060547,214.38882446289062,G5056
1998-09-07,1998-09-07,208.7918,203.01161,171.92996,208.7917938232422,205.6071014404297,214.38882446289062,G5056
1998-09-11,1998-09-11,188.59212,167.10191,142.42683,208.7917938232422,205.6071014404297,214.38882446289062,G5056
1998-09-14,1998-09-14,159.84277,136.84833,127.3841,208.7917938232422,205.6071014404297,201.7637939453125,G5056
1998-09-18,1998-09-18,130.49164,128.98834,118.764565,208.7917938232422,203.01161193847656,171.92996215820312,G5056
1998-09-21,1998-09-21,121.46265,116.842545,103.84813,188.5921173095703,167.10191345214844,142.4268341064453,G5056
1998-09-25,1998-09-25,114.031784,108.131935,100.71692,159.8427734375,136.84832763671875,173.6743927001953,G5056
1998-09-28,1998-09-28,107.90754,96.33331,100.327774,130.49163818359375,162.17063903808594,220.12945556640625,G5056
1998-10-02,1998-10-02,95.58444,107.49696,138.66786,164.36973571777344,205.33558654785156,220.12945556640625,G5056
1998-10-05,1998-10-05,98.714294,112.01865,173.6744,214.64474487304688,214.9909210205078,220.12945556640625,G5056
1998-10-09,1998-10-09,119.88309,162.17064,220.12946,214.64474487304688,214.9909210205078,220.12945556640625,G5056
1998-10-12,1998-10-12,164.36974,205.33559,216.56181,214.64474487304688,214.9909210205078,245.2879180908203,G5056
1998-10-16,1998-10-16,214.64474,214.99092,205.61983,214.64474487304688,215.43492126464844,246.9755096435547,G5056
1998-10-19,1998-10-19,210.32152,195.74146,198.86964,222.96286010742188,243.38424682617188,263.2198181152344,G5056
1998-10-23,1998-10-23,187.27502,191.73642,245.28792,242.5110321044922,257.3974609375,263.2198181152344,G5056
1998-10-26,1998-10-26,192.39749,215.43492,246.97551,254.2435302734375,257.3974609375,263.2198181152344,G5056
1998-10-30,1998-10-30,222.96286,243.38425,263.21982,254.2435302734375,257.3974609375,263.2198181152344,G5056
1998-11-02,1998-11-02,242.51103,257.39746,255.39777,254.2435302734375,257.3974609375,263.2198181152344,G5056
1998-11-06,1998-11-06,254.24353,250.16463,234.80937,254.2435302734375,257.3974609375,263.2198181152344,G5056
1998-11-09,1998-11-09,248.30626,236.1514,206.26733,254.2435302734375,257.3974609375,263.2198181152344,G5056
1998-11-13,1998-11-13,228.17845,201.92278,171.17638,254.2435302734375,257.3974609375,255.39776611328125,G5056
1998-11-16,1998-11-16,199.99263,174.25494,156.70328,254.2435302734375,250.1646270751953,234.8093719482422,G5056
1998-11-20,1998-11-20,164.67657,151.00761,159.51447,248.30625915527344,236.15139770507812,206.267333984375,G5056
1998-11-23,1998-11-23,150.27026,154.12126,162.39516,228.17845153808594,201.9227752685547,171.17637634277344,G5056
1998-11-27,1998-11-27,156.81425,161.72409,155.44905,199.9926300048828,174.25494384765625,162.39515686035156,G5056
1998-11-30,1998-11-30,160.43994,156.57207,142.2152,164.67657470703125,161.72409057617188,162.39515686035156,G5056
1998-12-04,1998-12-04,153.72678,141.96605,121.4362,160.43994140625,161.72409057617188,162.39515686035156,G5056
1998-12-07,1998-12-07,141.59125,126.33871,106.22146,160.43994140625,161.72409057617188,155.4490509033203,G5056
1998-12-11,1998-12-11,120.97732,106.172676,89.66385,160.43994140625,156.5720672607422,142.21519470214844,G5056
1998-12-14,1998-12-14,105.750305,93.055504,79.567345,153.72677612304688,141.96604919433594,121.43620300292969,G5056
1998-12-18,1998-12-18,88.4692,79.36607,69.96838,141.59124755859375,126.33870697021484,106.2214584350586,G5056
1998-12-21,1998-12-21,78.78996,71.86478,64.03136,120.9773178100586,106.17267608642578,89.66384887695312,G5056
1998-12-25,1998-12-25,69.0653,63.833958,57.938442,105.75030517578125,93.05550384521484,79.56734466552734,G5056
1998-12-28,1998-12-28,63.174545,58.64076,55.980434,88.46920013427734,79.36607360839844,69.9683837890625,G5056
1999-01-02,1999-01-02,56.084347,55.60163,57.517593,78.78996276855469,71.86477661132812,64.03135681152344,G5056
1999-01-05,1999-01-05,55.550907,56.82588,58.903393,69.06529998779297,63.83395767211914,59.01433563232422,G5056
1999-01-09,1999-01-09,57.418037,58.977917,59.014336,63.17454528808594,59.3980598449707,59.01433563232422,G5056
1999-01-12,1999-01-12,59.011387,59.39806,57.28122,59.0564079284668,59.3980598449707,59.01433563232422,G5056
1999-01-16,1999-01-16,59.056408,57.35848,53.79823,59.0564079284668,59.3980598449707,59.01433563232422,G5056
1999-01-19,1999-01-19,57.294117,54.760468,51.17712,59.0564079284668,59.3980598449707,59.01433563232422,G5056
1999-01-23,1999-01-23,53.707176,51.104137,49.615788,59.0564079284668,59.3980598449707,60.115291595458984,G5056
1999-01-26,1999-01-26,51.09073,49.674732,50.757393,59.0564079284668,59.92261505126953,62.40927505493164,G5056
1999-01-30,1999-01-30,49.5557,50.764244,55.50426,59.91768264770508,62.465816497802734,62.40927505493164,G5056
1999-02-02,1999-02-02,50.69514,53.954422,60.11529,62.44022750854492,62.465816497802734,62.40927505493164,G5056
1999-02-06,1999-02-06,55.33969,59.922615,62.409275,62.44022750854492,62.465816497802734,62.40927505493164,G5056
1999-02-09,1999-02-09,59.917683,62.465816,60.219086,62.44022750854492,62.465816497802734,62.40927505493164,G5056
1999-02-13,1999-02-13,62.440228,60.19673,54.130703,62.44022750854492,62.465816497802734,62.40927505493164,G5056
1999-02-16,1999-02-16,60.126663,55.67928,49.03854,62.44022750854492,62.465816497802734,62.40927505493164,G5056
1999-02-20,1999-02-20,53.930157,49.01592,43.67992,62.44022750854492,62.465816497802734,60.219085693359375,G5056
1999-02-23,1999-02-23,48.906063,44.736095,40.350388,62.44022750854492,60.19673156738281,54.13070297241211,G5056
1999-02-27,1999-02-27,43.56009,40.55372,35.892952,60.12666320800781,55.67927932739258,49.03853988647461,G5056
1999-03-02,1999-03-02,40.497177,36.609406,35.116333,53.93015670776367,49.01591873168945,46.8670768737793,G5056
1999-03-06,1999-03-06,35.33529,34.635384,35.881687,48.906063079833984,44.7360954284668,57.71898651123047,G5056
1999-03-09,1999-03-09,34.6466,35.241756,38.005344,46.17723846435547,57.836875915527344,68.95062255859375,G5056
1999-03-13,1999-03-13,35.9221,37.777473,46.867077,57.76259994506836,67.90997314453125,68.95062255859375,G5056
1999-03-16,1999-03-16,37.10945,43.088657,57.718987,68.93016052246094,68.63867950439453,68.95062255859375,G5056
1999-03-20,1999-03-20,46.17724,57.836876,68.95062,68.93016052246094,68.63867950439453,68.95062255859375,G5056
1999-03-23,1999-03-23,57.7626,67.90997,68.9505,68.93016052246094,68.63867950439453,68.95062255859375,G5056
1999-03-27,1999-03-27,68.93016,68.63868,54.839172,68.93016052246094,68.63867950439453,68.95062255859375,G5056
1999-03-30,1999-03-30,68.6033,59.940754,42.625904,68.93016052246094,68.63867950439453,68.95062255859375,G5056
1999-04-03,1999-04-03,55.140938,42.17043,32.381683,68.93016052246094,68.63867950439453,117.38292694091797,G5056
1999-04-06,1999-04-06,41.99752,33.552204,31.642693,68.93016052246094,116.53901672363281,138.3939208984375,G5056
1999-04-10,1999-04-10,31.52692,31.544518,68.798325,114.78759002685547,134.0143280029297,139.9673309326172,G5056
1999-04-13,1999-04-13,30.415922,51.18376,117.38293,134.08395385742188,143.4193115234375,182.70272827148438,G5056
1999-04-17,1999-04-17,64.81694,116.53902,138.39392,144.18385314941406,172.6861572265625,213.5666046142578,G5056
1999-04-20,1999-04-20,114.78759,134.01433,139.96733,178.32858276367188,208.68487548828125,218.70877075195312,G5056
1999-04-24,1999-04-24,134.08395,143.41931,182.70273,204.0225067138672,212.8903350830078,233.35696411132812,G5056
1999-04-27,1999-04-27,144.18385,172.68616,213.5666,217.91778564453125,228.7375030517578,250.41700744628906,G5056
1999-05-01,1999-05-01,178.32858,208.68488,218.70877,229.98460388183594,250.63259887695312,250.41700744628906,G5056
1999-05-04,1999-05-04,204.0225,212.89034,233.35696,252.6778564453125,250.63259887695312,250.41700744628906,G5056
1999-05-08,1999-05-08,217.91779,228.7375,250.417,252.6778564453125,250.63259887695312,250.41700744628906,G5056
1999-05-11,1999-05-11,229.9846,250.6326,242.97266,252.6778564453125,250.63259887695312,250.41700744628906,G5056
1999-05-15,1999-05-15,252.67786,249.93819,234.9842,252.6778564453125,250.63259887695312,250.41700744628906,G5056
1999-05-18,1999-05-18,248.96788,240.07637,221.01483,252.6778564453125,250.63259887695312,250.41700744628906,G5056
1999-05-22,1999-05-22,238.117,221.11926,200.8534,252.6778564453125,250.63259887695312,242.97265625,G5056
1999-05-25,1999-05-25,220.7506,205.23216,173.75958,252.6778564453125,249.9381866455078,234.9842071533203,G5056
1999-05-29,1999-05-29,201.81447,177.39359,139.1564,248.96788024902344,240.0763702392578,221.01483154296875,G5056
1999-06-01,1999-06-01,175.07997,143.31708,136.60011,238.11700439453125,221.1192626953125,200.8533935546875,G5056
1999-06-05,1999-06-05,130.86919,135.57846,144.83136,220.75059509277344,205.23216247558594,173.75958251953125,G5056
1999-06-08,1999-06-08,139.33893,144.0446,138.11229,201.81446838378906,177.39358520507812,144.83135986328125,G5056
1999-06-12,1999-06-12,146.97852,142.07314,120.58283,175.07997131347656,144.0446014404297,144.83135986328125,G5056
1999-06-15,1999-06-15,138.93365,125.13327,110.40807,146.978515625,144.0446014404297,144.83135986328125,G5056
1999-06-19,1999-06-19,114.3818,109.83665,101.95112,146.978515625,144.0446014404297,138.11228942871094,G5056
1999-06-22,1999-06-22,105.39961,99.75963,103.74784,146.978515625,142.07313537597656,126.09146118164062,G5056
1999-06-26,1999-06-26,97.85052,102.053375,98.770004,138.93365478515625,125.13327026367188,126.09146118164062,G5056
1999-06-29,1999-06-29,100.06612,96.9384,116.17647,114.38179779052734,118.55841064453125,126.09146118164062,G5056
1999-07-03,1999-07-03,90.35261,110.53606,126.09146,111.59420776367188,118.55841064453125,126.09146118164062,G5056
1999-07-06,1999-07-06,101.031044,118.55841,122.554344,111.59420776367188,118.55841064453125,126.09146118164062,G5056
1999-07-10,1999-07-10,111.59421,118.490135,115.991104,111.59420776367188,118.55841064453125,127.83039093017578,G5056
1999-07-13,1999-07-13,106.10644,94.235214,81.68338,111.59420776367188,118.55841064453125,138.9276123046875,G5056
1999-07-17,1999-07-17,89.83508,81.30651,93.89047,113.56731414794922,142.62149047851562,151.29232788085938,G5056
1999-07-20,1999-07-20,75.205315,80.71845,127.83039,141.96578979492188,142.62149047851562,151.29232788085938,G5056
1999-07-24,1999-07-24,77.8702,111.27696,138.92761,141.96578979492188,142.62149047851562,151.29232788085938,G5056
1999-07-27,1999-07-27,113.567314,142.62149,151.29233,141.96578979492188,142.62149047851562,151.29232788085938,G5056
1999-07-31,1999-07-31,141.96579,140.6421,128.79192,141.96578979492188,142.62149047851562,151.29232788085938,G5056
1999-08-03,1999-08-03,135.07332,135.68033,138.9596,141.96578979492188,142.62149047851562,151.29232788085938,G5056
1999-08-07,1999-08-07,126.49709,121.69773,116.69751,141.96578979492188,142.62149047851562,151.29232788085938,G5056
1999-08-10,1999-08-10,121.04149,121.20254,126.50699,141.96578979492188,140.64210510253906,138.9595947265625,G5056
1999-08-14,1999-08-14,110.48553,115.45985,120.388885,135.0733184814453,135.68032836914062,138.9595947265625,G5056
1999-08-17,1999-08-17,106.99419,108.16007,96.57963,126.4970932006836,121.6977310180664,126.50698852539062,G5056
1999-08-21,1999-08-21,107.77543,93.23943,82.67262,121.04148864746094,121.2025375366211,126.50698852539062,G5056
1999-08-24,1999-08-24,92.8703,82.982315,94.056786,110.48552703857422,115.45984649658203,161.0810089111328,G5056
1999-08-28,1999-08-28,82.77697,83.13665,100.66563,107.77542877197266,130.6895294189453,180.53993225097656,G5056
1999-08-31,1999-08-31,89.9138,96.19552,107.51707,134.3216552734375,167.99655151367188,180.53993225097656,G5056
1999-09-04,1999-09-04,88.10923,98.04904,161.08101,165.54090881347656,172.44961547851562,180.53993225097656,G5056
1999-09-07,1999-09-07,95.61486,130.68953,180.53993,165.54090881347656,172.44961547851562,180.53993225097656,G5056
1999-09-11,1999-09-11,134.32166,167.99655,166.51431,165.54090881347656,172.44961547851562,180.53993225097656,G5056
1999-09-14,1999-09-14,165.54091,172.44962,137.07195,165.54090881347656,172.44961547851562,180.53993225097656,G5056
1999-09-18,1999-09-18,153.61539,131.51172,105.0173,165.54090881347656,172.44961547851562,180.53993225097656,G5056
1999-09-21,1999-09-21,128.97635,106.26703,95.91675,165.54090881347656,172.44961547851562,166.51431274414062,G5056
1999-09-25,1999-09-25,99.80656,90.78493,101.3916,165.54090881347656,172.44961547851562,138.4702606201172,G5056
1999-09-28,1999-09-28,86.96512,96.98906,120.13787,153.61538696289062,137.30337524414062,213.09315490722656,G5056
1999-10-02,1999-10-02,91.42205,101.49985,126.22196,133.47024536132812,175.32237243652344,240.7928466796875,G5056
1999-10-05,1999-10-05,96.22268,105.73707,138.47026,181.6398468017578,212.76409912109375,248.51548767089844,G5056
1999-10-09,1999-10-09,110.41562,137.30338,213.09315,217.61399841308594,232.27171325683594,281.696044921875,G5056
1999-10-12,1999-10-12,133.47025,175.32237,240.79285,231.17372131347656,259.4137878417969,281.696044921875,G5056
1999-10-16,1999-10-16,181.63985,212.7641,248.51549,249.87109375,261.2400817871094,281.696044921875,G5056
1999-10-19,1999-10-19,217.614,232.27171,281.69604,249.87109375,261.2400817871094,281.696044921875,G5056
1999-10-23,1999-10-23,231.17372,259.4138,266.71304,249.87109375,261.2400817871094,281.696044921875,G5056
1999-10-26,1999-10-26,249.8711,261.24008,254.66237,249.87109375,261.2400817871094,281.696044921875,G5056
1999-10-30,1999-10-30,246.5182,234.84895,236.6789,249.87109375,261.2400817871094,281.696044921875,G5056
1999-11-02,1999-11-02,230.9221,230.18102,216.70076,249.87109375,261.2400817871094,266.7130432128906,G5056
1999-11-06,1999-11-06,223.35793,210.7926,220.15526,249.87109375,261.2400817871094,254.66236877441406,G5056
1999-11-09,1999-11-09,208.90965,212.82564,226.52301,246.51820373535156,234.8489532470703,236.67889404296875,G5056
1999-11-13,1999-11-13,214.55872,219.99504,194.03664,230.92210388183594,230.18101501464844,226.52301025390625,G5056
1999-11-16,1999-11-16,218.03383,200.71272,165.00397,223.35792541503906,219.9950408935547,226.52301025390625,G5056
1999-11-20,1999-11-20,188.70459,161.10106,133.34065,218.03382873535156,219.9950408935547,226.52301025390625,G5056
1999-11-23,1999-11-23,158.86649,135.89275,122.49911,218.03382873535156,219.9950408935547,194.03663635253906,G5056
1999-11-27,1999-11-27,129.63684,122.312386,126.75367,218.03382873535156,200.7127227783203,165.00396728515625,G5056
1999-11-30,1999-11-30,120.82706,124.758896,126.16692,188.70458984375,161.10105895996094,133.3406524658203,G5056
1999-12-04,1999-12-04,124.40215,123.80155,113.1444,158.86648559570312,135.8927459716797,126.75366973876953,G5056
1999-12-07,1999-12-07,123.32718,115.495575,104.22785,129.6368408203125,124.75889587402344,126.75366973876953,G5056
1999-12-11,1999-12-11,111.43479,103.46451,101.34589,124.40215301513672,124.75889587402344,126.16692352294922,G5056
1999-12-14,1999-12-14,102.60114,100.338036,100.24093,124.40215301513672,123.80155181884766,113.14440155029297,G5056
1999-12-18,1999-12-18,99.5316,99.93691,96.40347,123.32717895507812,115.49557495117188,104.22785186767578,G5056
1999-12-21,1999-12-21,99.46611,96.75791,94.06908,111.4347915649414,103.46450805664062,101.34588623046875,G5056
1999-12-25,1999-12-25,95.44259,93.92931,90.67314,102.60114288330078,100.3380355834961,100.24092864990234,G5056
1999-12-28,1999-12-28,93.24348,91.66173,86.753654,99.53160095214844,99.9369125366211,96.40347290039062,G5056
2000-01-02,2000-01-02,88.8211,84.6489,78.637146,99.46611022949219,96.7579116821289,94.06907653808594,G5056
2000-01-05,2000-01-05,84.57812,80.08917,75.03346,95.44258880615234,93.92931365966797,90.67314147949219,G5056
2000-01-09,2000-01-09,78.57272,75.055305,69.739456,93.24347686767578,91.66172790527344,86.75365447998047,G5056
2000-01-12,2000-01-12,74.78797,70.93327,65.0164,88.82109832763672,84.6489028930664,78.63714599609375,G5056
2000-01-16,2000-01-16,69.34824,64.85525,59.363636,84.57811737060547,80.08917236328125,75.03346252441406,G5056
2000-01-19,2000-01-19,64.721306,60.42752,56.0523,78.57272338867188,75.05530548095703,69.73945617675781,G5056
2000-01-23,2000-01-23,59.0396,55.92989,52.52403,74.78797149658203,70.93327331542969,65.01640319824219,G5056
2000-01-26,2000-01-26,55.843002,53.311386,49.611954,69.3482437133789,64.8552474975586,59.3636360168457,G5056
2000-01-30,2000-01-30,52.23184,49.453373,45.911106,64.72130584716797,60.427520751953125,56.05229949951172,G5056
2000-02-02,2000-02-02,49.402386,46.71765,44.48019,59.03960037231445,55.92988967895508,52.52402877807617,G5056
2000-02-06,2000-02-06,45.84107,44.477013,44.786358,55.84300231933594,53.31138610839844,49.61195373535156,G5056
2000-02-09,2000-02-09,44.375774,44.48433,45.75613,52.23183822631836,49.453372955322266,45.91110610961914,G5056
2000-02-13,2000-02-13,44.827442,45.81615,45.526966,49.40238571166992,46.7176513671875,45.75613021850586,G5056
2000-02-16,2000-02-16,45.66025,45.756805,43.691883,45.841068267822266,45.8161506652832,45.75613021850586,G5056
2000-02-20,2000-02-20,45.480186,43.907856,40.715107,45.66025161743164,45.8161506652832,45.75613021850586,G5056
2000-02-23,2000-02-23,43.798645,41.392536,37.604008,45.66025161743164,45.8161506652832,45.5269660949707,G5056
2000-02-27,2000-02-27,40.590202,37.743668,31.778276,45.66025161743164,45.756805419921875,43.6918830871582,G5056
2000-03-02,2000-03-02,35.35745,31.650484,30.058504,45.480186462402344,43.90785598754883,40.71510696411133,G5056
2000-03-06,2000-03-06,30.42997,30.53712,27.692871,43.79864501953125,41.39253616333008,37.604007720947266,G5056
2000-03-09,2000-03-09,29.545399,28.173721,25.914438,40.59020233154297,37.74366760253906,31.778276443481445,G5056
2000-03-13,2000-03-13,26.837048,25.85012,22.942852,35.35744857788086,31.650484085083008,30.058504104614258,G5056
2000-03-16,2000-03-16,25.080252,24.031504,21.711771,30.429969787597656,30.537120819091797,27.69287109375,G5056
2000-03-20,2000-03-20,22.590788,20.89714,19.184462,29.545398712158203,28.173721313476562,25.914438247680664,G5056
2000-03-23,2000-03-23,20.403978,18.746101,17.775871,26.837047576904297,25.850120544433594,22.942852020263672,G5056
2000-03-27,2000-03-27,17.980967,17.450388,12.888267,25.080251693725586,24.031503677368164,21.71177101135254,G5056
2000-03-30,2000-03-30,17.254496,14.518157,12.576012,22.590787887573242,20.897140502929688,19.606082916259766,G5056
2000-04-03,2000-04-03,13.034295,12.49354,13.785942,20.40397834777832,18.74610137939453,21.653085708618164,G5056
2000-04-06,2000-04-06,13.122748,13.795607,13.070658,17.980966567993164,21.625471115112305,34.869415283203125,G5056
2000-04-10,2000-04-10,15.366372,15.828699,19.606083,19.81393051147461,30.432851791381836,57.4097900390625,G5056
2000-04-13,2000-04-13,14.828143,17.481966,21.653086,31.98858642578125,53.44535827636719,84.72278594970703,G5056
2000-04-17,2000-04-17,17.925276,21.625471,34.869415,52.250553131103516,78.25247192382812,97.03573608398438,G5056
2000-04-20,2000-04-20,19.81393,30.432852,57.40979,80.49068450927734,99.30345153808594,123.49347686767578,G5056
2000-04-24,2000-04-24,31.988586,53.44536,84.722786,88.54586791992188,111.2610092163086,142.23841857910156,G5056
2000-04-27,2000-04-27,52.250553,78.25247,97.035736,103.76959228515625,134.5089874267578,164.2466278076172,G5056
2000-05-01,2000-05-01,80.490685,99.30345,123.49348,132.7024688720703,159.80145263671875,168.85403442382812,G5056
2000-05-04,2000-05-04,88.54587,111.26101,142.23842,163.75894165039062,165.98214721679688,168.85403442382812,G5056
2000-05-08,2000-05-08,103.76959,134.50899,164.24663,163.75894165039062,165.98214721679688,168.85403442382812,G5056
2000-05-11,2000-05-11,132.70247,159.80145,168.85403,163.75894165039062,165.98214721679688,168.85403442382812,G5056
2000-05-15,2000-05-15,163.75894,165.98215,157.80371,163.75894165039062,165.98214721679688,168.85403442382812,G5056
2000-05-18,2000-05-18,161.26111,155.48755,154.96979,163.75894165039062,165.98214721679688,168.85403442382812,G5056
2000-05-22,2000-05-22,149.09325,151.45403,147.96463,163.75894165039062,165.98214721679688,168.85403442382812,G5056
2000-05-25,2000-05-25,146.19447,153.23505,134.99738,163.75894165039062,165.98214721679688,157.8037109375,G5056
2000-05-29,2000-05-29,142.5315,128.50418,97.95331,161.2611083984375,155.487548828125,154.96978759765625,G5056
2000-06-01,2000-06-01,122.22776,99.55498,82.973366,149.09324645996094,153.23504638671875,147.96463012695312,G5056
2000-06-05,2000-06-05,91.90195,78.76771,70.23131,146.19447326660156,153.23504638671875,134.99737548828125,G5056
2000-06-08,2000-06-08,76.273544,72.49384,66.12996,142.531494140625,128.50418090820312,97.95330810546875,G5056
2000-06-12,2000-06-12,66.70182,57.92027,50.932022,122.2277603149414,99.55497741699219,82.9733657836914,G5056
2000-06-15,2000-06-15,52.95821,47.15628,45.723976,91.90194702148438,78.76770782470703,70.23130798339844,G5056
2000-06-19,2000-06-19,39.67651,36.55678,50.08796,76.27354431152344,72.49384307861328,66.12995910644531,G5056
2000-06-22,2000-06-22,32.267536,39.621338,62.65361,66.70182037353516,58.26893997192383,62.65361022949219,G5056
2000-06-26,2000-06-26,40.879932,55.581974,60.03032,53.25926208496094,58.26893997192383,65.31318664550781,G5056
2000-06-29,2000-06-29,53.259262,58.26894,54.82476,53.25926208496094,63.474143981933594,91.52534484863281,G5056
2000-07-03,2000-07-03,52.26321,50.119915,53.093075,67.88636779785156,81.49349212646484,96.15584564208984,G5056
2000-07-06,2000-07-06,43.600765,41.66494,65.31319,90.91461944580078,85.48816680908203,96.15584564208984,G5056
2000-07-10,2000-07-10,45.702473,63.474144,91.525345,90.91461944580078,85.48816680908203,96.15584564208984,G5056
2000-07-13,2000-07-13,67.88637,81.49349,96.155846,90.91461944580078,85.48816680908203,96.15584564208984,G5056
2000-07-17,2000-07-17,90.91462,85.48817,90.14474,90.91461944580078,85.48816680908203,112.63467407226562,G5056
2000-07-20,2000-07-20,87.95806,85.43969,71.62168,90.91461944580078,98.86429595947266,139.45635986328125,G5056
2000-07-24,2000-07-24,84.3561,71.570274,72.48786,97.1623306274414,130.55641174316406,149.22872924804688,G5056
2000-07-27,2000-07-27,75.91841,83.93557,112.634674,138.67613220214844,148.51651000976562,149.22872924804688,G5056
2000-07-31,2000-07-31,72.54708,98.864296,139.45636,141.831298828125,148.51651000976562,149.22872924804688,G5056
2000-08-03,2000-08-03,97.16233,130.55641,149.22873,141.831298828125,148.51651000976562,149.22872924804688,G5056
2000-08-07,2000-08-07,138.67613,148.51651,144.43797,141.831298828125,148.51651000976562,149.22872924804688,G5056
2000-08-10,2000-08-10,141.8313,144.41144,141.54257,141.831298828125,148.51651000976562,181.37823486328125,G5056
2000-08-14,2000-08-14,135.51299,127.06619,129.56082,141.831298828125,148.51651000976562,183.72787475585938,G5056
2000-08-17,2000-08-17,121.72077,124.15068,140.34254,167.29193115234375,186.68331909179688,189.18313598632812,G5056
2000-08-21,2000-08-21,122.16662,127.19664,181.37823,182.71971130371094,189.71253967285156,189.18313598632812,G5056
2000-08-24,2000-08-24,125.132034,145.54576,183.72787,182.71971130371094,189.71253967285156,189.18313598632812,G5056
2000-08-28,2000-08-28,167.29193,186.68332,189.18314,182.71971130371094,189.71253967285156,189.18313598632812,G5056
2000-08-31,2000-08-31,182.71971,189.71254,162.00392,182.71971130371094,189.71253967285156,189.18313598632812,G5056
2000-09-04,2000-09-04,179.37328,153.49779,133.16869,182.71971130371094,189.71253967285156,189.18313598632812,G5056
2000-09-07,2000-09-07,150.84097,128.34491,108.33243,182.71971130371094,189.71253967285156,189.18313598632812,G5056
2000-09-11,2000-09-11,116.62623,102.80696,92.30265,182.71971130371094,189.71253967285156,162.00392150878906,G5056
2000-09-14,2000-09-14,97.630295,82.50448,84.387566,179.37327575683594,153.49778747558594,133.16868591308594,G5056
2000-09-18,2000-09-18,79.89858,80.7272,90.01132,150.84097290039062,128.34490966796875,108.580810546875,G5056
2000-09-21,2000-09-21,78.64981,84.338165,90.37945,116.62622833251953,102.80696105957031,131.47140502929688,G5056
2000-09-25,2000-09-25,75.55634,75.92374,85.86855,98.91827392578125,122.8228530883789,146.91317749023438,G5056
2000-09-28,2000-09-28,77.430504,78.142044,108.58081,123.8308334350586,143.28712463378906,178.0008087158203,G5056
2000-10-02,2000-10-02,80.26914,101.01768,131.4714,137.8837127685547,154.95126342773438,198.87062072753906,G5056
2000-10-05,2000-10-05,98.918274,122.82285,146.91318,163.6217803955078,196.72862243652344,228.43275451660156,G5056
2000-10-09,2000-10-09,123.83083,143.28712,178.00081,193.08489990234375,212.25296020507812,242.57476806640625,G5056
2000-10-12,2000-10-12,137.88371,154.95126,198.87062,217.40573120117188,228.5414276123047,242.57476806640625,G5056
2000-10-16,2000-10-16,163.62178,196.72862,228.43275,223.18431091308594,228.5414276123047,250.5150146484375,G5056
2000-10-19,2000-10-19,193.0849,212.25296,242.57477,226.81100463867188,251.59951782226562,276.2162170410156,G5056
2000-10-23,2000-10-23,217.40573,228.54143,232.5802,245.04795837402344,266.4054260253906,280.0670471191406,G5056
2000-10-26,2000-10-26,223.18431,227.67636,250.51501,268.75457763671875,275.7790222167969,280.0670471191406,G5056
2000-10-30,2000-10-30,226.811,251.59952,276.21622,273.6409606933594,275.7790222167969,280.0670471191406,G5056
2000-11-02,2000-11-02,245.04796,266.40543,280.06705,273.6409606933594,275.7790222167969,280.0670471191406,G5056
2000-11-06,2000-11-06,268.75458,275.77902,255.46744,273.6409606933594,275.7790222167969,280.0670471191406,G5056
2000-11-09,2000-11-09,273.64096,261.24628,217.14682,273.6409606933594,275.7790222167969,280.0670471191406,G5056
2000-11-13,2000-11-13,249.14043,214.4586,184.89845,273.6409606933594,275.7790222167969,280.0670471191406,G5056
2000-11-16,2000-11-16,212.89735,187.36296,179.278,273.6409606933594,275.7790222167969,255.46743774414062,G5056
2000-11-20,2000-11-20,177.83893,174.51648,165.68623,273.6409606933594,261.24627685546875,217.14682006835938,G5056
2000-11-23,2000-11-23,172.50926,168.62585,148.44531,249.1404266357422,214.45860290527344,184.89845275878906,G5056
2000-11-27,2000-11-27,161.35066,146.32184,135.1538,212.89735412597656,187.3629608154297,179.2779998779297,G5056
2000-11-30,2000-11-30,144.79448,136.88211,126.97741,177.83892822265625,174.5164794921875,165.6862335205078,G5056
2000-12-04,2000-12-04,133.11488,126.0034,113.717674,172.50926208496094,168.6258544921875,148.4453125,G5056
2000-12-07,2000-12-07,125.067924,116.7887,102.63583,161.3506622314453,146.32183837890625,135.15379333496094,G5056
2000-12-11,2000-12-11,112.06483,101.77861,88.60494,144.7944793701172,136.88211059570312,126.97740936279297,G5056
2000-12-14,2000-12-14,100.746254,91.05649,80.588684,133.11488342285156,126.00340270996094,113.7176742553711,G5056
2000-12-18,2000-12-18,87.014824,80.05828,71.664536,125.06792449951172,116.7886962890625,102.63583374023438,G5056
2000-12-21,2000-12-21,79.14545,73.53324,66.44118,112.06482696533203,101.77861022949219,88.60494232177734,G5056
2000-12-25,2000-12-25,70.65723,65.802155,61.068817,100.74625396728516,91.05648803710938,80.58868408203125,G5056
2000-12-28,2000-12-28,64.977295,61.431206,60.354927,87.01482391357422,80.05828094482422,71.66453552246094,G5056
2001-01-02,2001-01-02,59.62567,60.14227,61.77792,79.14544677734375,73.53324127197266,66.44117736816406,G5056
2001-01-05,2001-01-05,59.837345,61.001522,61.769543,70.6572265625,65.80215454101562,61.77791976928711,G5056
2001-01-09,2001-01-09,61.169323,61.516907,58.675316,64.977294921875,61.51690673828125,61.77791976928711,G5056
2001-01-12,2001-01-12,61.308533,59.53562,54.138905,61.30853271484375,61.51690673828125,61.77791976928711,G5056
2001-01-16,2001-01-16,58.296474,54.031933,46.965553,61.30853271484375,61.51690673828125,61.7695426940918,G5056
2001-01-19,2001-01-19,53.798523,48.625237,41.838467,61.30853271484375,61.51690673828125,58.675315856933594,G5056
2001-01-23,2001-01-23,46.635536,41.630642,36.10397,61.30853271484375,59.535621643066406,54.1389045715332,G5056
2001-01-26,2001-01-26,41.433495,37.087677,33.01508,58.29647445678711,54.03193283081055,46.965553283691406,G5056
2001-01-30,2001-01-30,35.717323,32.90791,31.134277,53.79852294921875,48.62523651123047,41.83846664428711,G5056
2001-02-02,2001-02-02,32.792736,31.312336,31.772758,46.635536193847656,41.63064193725586,45.972747802734375,G5056
2001-02-06,2001-02-06,30.9593,31.688234,36.083675,41.433494567871094,44.99728775024414,47.27487564086914,G5056
2001-02-09,2001-02-09,31.557693,34.48626,40.801453,45.74292755126953,47.14426040649414,47.27487564086914,G5056
2001-02-13,2001-02-13,35.803844,40.72933,45.972748,47.01771545410156,47.14426040649414,47.27487564086914,G5056
2001-02-16,2001-02-16,40.65304,44.997288,47.274876,47.01771545410156,47.14426040649414,47.27487564086914,G5056
2001-02-20,2001-02-20,45.742928,47.14426,46.61855,47.01771545410156,47.14426040649414,47.27487564086914,G5056
2001-02-23,2001-02-23,47.017715,46.664654,45.969154,47.01771545410156,47.14426040649414,47.27487564086914,G5056
2001-02-27,2001-02-27,46.422253,45.98093,44.298576,47.01771545410156,47.14426040649414,47.27487564086914,G5056
2001-03-02,2001-03-02,45.687187,44.080868,43.552914,47.01771545410156,47.14426040649414,46.61854934692383,G5056
2001-03-06,2001-03-06,43.04237,43.253983,41.586258,47.01771545410156,46.66465377807617,45.969154357910156,G5056
2001-03-09,2001-03-09,43.213257,42.59821,39.869316,46.4222526550293,45.98093032836914,44.29857635498047,G5056
2001-03-13,2001-03-13,41.991737,40.464355,37.790188,45.68718719482422,44.080867767333984,47.443382263183594,G5056
2001-03-16,2001-03-16,40.344498,38.78755,36.169395,43.2132568359375,47.78764343261719,76.97114562988281,G5056
2001-03-20,2001-03-20,37.30891,35.235477,36.335842,47.579803466796875,69.25093841552734,95.06697845458984,G5056
2001-03-23,2001-03-23,35.020115,35.608,47.443382,74.86441802978516,95.36659240722656,107.43350219726562,G5056
2001-03-27,2001-03-27,36.807205,47.787643,76.971146,95.11286163330078,107.3640365600586,107.8002700805664,G5056
2001-03-30,2001-03-30,47.579803,69.25094,95.06698,104.6988754272461,107.3640365600586,118.62702178955078,G5056
2001-04-03,2001-04-03,74.86442,95.36659,107.4335,104.6988754272461,107.77163696289062,167.625,G5056
2001-04-06,2001-04-06,95.11286,107.36404,107.80027,112.08663177490234,167.04559326171875,274.68524169921875,G5056
2001-04-10,2001-04-10,104.698875,104.05765,118.62702,165.0105438232422,254.36105346679688,274.7593994140625,G5056
2001-04-13,2001-04-13,100.997314,107.77164,167.625,269.097412109375,271.76873779296875,274.7593994140625,G5056
2001-04-17,2001-04-17,112.08663,167.0456,274.68524,269.097412109375,271.76873779296875,274.7593994140625,G5056
2001-04-20,2001-04-20,165.01054,254.36105,274.7594,269.097412109375,271.76873779296875,274.7593994140625,G5056
2001-04-24,2001-04-24,269.0974,271.76874,220.83592,269.097412109375,271.76873779296875,274.7593994140625,G5056
2001-04-27,2001-04-27,268.50305,230.3312,176.08,269.097412109375,271.76873779296875,274.7593994140625,G5056
2001-05-01,2001-05-01,216.05186,169.87807,164.0524,269.097412109375,271.76873779296875,288.01593017578125,G5056
2001-05-04,2001-05-04,168.41061,154.41768,190.17209,269.097412109375,293.304931640625,288.01593017578125,G5056
2001-05-08,2001-05-08,158.22357,185.58405,270.17947,286.9771728515625,293.304931640625,288.01593017578125,G5056
2001-05-11,2001-05-11,183.32513,248.10248,288.01593,286.9771728515625,293.304931640625,288.01593017578125,G5056
2001-05-15,2001-05-15,259.6082,293.30493,272.76196,286.9771728515625,293.304931640625,288.01593017578125,G5056
2001-05-18,2001-05-18,286.97717,270.90494,263.4718,286.9771728515625,293.304931640625,288.01593017578125,G5056
2001-05-22,2001-05-22,259.9082,259.8526,286.29254,286.9771728515625,293.304931640625,288.01593017578125,G5056
2001-05-25,2001-05-25,256.64444,277.0259,274.3839,286.9771728515625,293.304931640625,286.29254150390625,G5056
2001-05-29,2001-05-29,282.7982,276.83636,242.47287,286.9771728515625,277.0259094238281,286.29254150390625,G5056
2001-06-01,2001-06-01,269.66147,250.92778,231.58647,282.7981872558594,277.0259094238281,286.29254150390625,G5056
2001-06-05,2001-06-05,236.49043,222.28886,225.50034,282.7981872558594,277.0259094238281,274.3839111328125,G5056
2001-06-08,2001-06-08,213.97458,217.72025,226.70424,282.7981872558594,276.83636474609375,250.2460479736328,G5056
2001-06-12,2001-06-12,209.13892,224.55069,226.31711,269.6614685058594,250.9277801513672,250.2460479736328,G5056
2001-06-15,2001-06-15,213.50958,220.32741,250.24605,241.39381408691406,244.56088256835938,250.2460479736328,G5056
2001-06-19,2001-06-19,213.02055,238.26933,248.59384,241.39381408691406,244.56088256835938,250.2460479736328,G5056
2001-06-22,2001-06-22,231.53326,244.56088,228.70772,241.39381408691406,244.56088256835938,250.2460479736328,G5056
2001-06-26,2001-06-26,241.39381,219.95581,192.31883,241.39381408691406,244.56088256835938,250.2460479736328,G5056
2001-06-29,2001-06-29,217.66531,195.72845,166.79997,241.39381408691406,244.56088256835938,248.59384155273438,G5056
2001-07-03,2001-07-03,181.7796,160.14539,142.97661,241.39381408691406,244.56088256835938,228.7077178955078,G5056
2001-07-06,2001-07-06,158.5842,142.55762,137.25568,241.39381408691406,219.955810546875,192.31883239746094,G5056
2001-07-10,2001-07-10,134.83896,132.34148,129.44731,217.66531372070312,195.72845458984375,166.7999725341797,G5056
2001-07-13,2001-07-13,127.46157,123.50314,118.54829,181.77960205078125,160.1453857421875,142.9766082763672,G5056
2001-07-17,2001-07-17,125.36327,120.94851,108.17877,158.58419799804688,142.5576171875,157.9445343017578,G5056
2001-07-20,2001-07-20,121.384865,108.26601,112.21139,140.61741638183594,168.97494506835938,164.36105346679688,G5056
2001-07-24,2001-07-24,104.97976,110.66013,141.95055,165.664794921875,168.97494506835938,164.36105346679688,G5056
2001-07-27,2001-07-27,110.424416,136.38312,157.94453,165.664794921875,168.97494506835938,164.36105346679688,G5056
2001-07-31,2001-07-31,140.61742,168.97495,164.36105,165.664794921875,168.97494506835938,164.36105346679688,G5056
2001-08-03,2001-08-03,165.6648,159.52821,152.71387,165.664794921875,168.97494506835938,164.36105346679688,G5056
2001-08-07,2001-08-07,157.26517,147.45172,133.58368,165.664794921875,168.97494506835938,195.22755432128906,G5056
2001-08-10,2001-08-10,141.02615,123.073364,129.48732,165.664794921875,168.97494506835938,195.22755432128906,G5056
2001-08-14,2001-08-14,126.863,135.92043,153.89781,165.664794921875,160.88404846191406,210.0465545654297,G5056
2001-08-17,2001-08-17,135.42857,157.5935,195.22755,164.86337280273438,207.9346466064453,242.38780212402344,G5056
2001-08-21,2001-08-21,154.97533,158.77245,186.96269,207.26931762695312,230.1579132080078,242.38780212402344,G5056
2001-08-24,2001-08-24,155.00243,160.88405,210.04655,221.79173278808594,230.1579132080078,242.38780212402344,G5056
2001-08-28,2001-08-28,164.86337,207.93465,242.3878,221.79173278808594,230.1579132080078,242.38780212402344,G5056
2001-08-31,2001-08-31,207.26932,230.15791,224.82483,221.79173278808594,230.1579132080078,242.38780212402344,G5056
2001-09-04,2001-09-04,221.79173,212.3465,213.50232,221.79173278808594,230.1579132080078,242.38780212402344,G5056
2001-09-07,2001-09-07,206.13544,196.33519,203.59612,221.79173278808594,230.1579132080078,242.38780212402344,G5056
2001-09-11,2001-09-11,191.61496,190.26251,196.30467,221.79173278808594,230.1579132080078,224.8248291015625,G5056
2001-09-14,2001-09-14,185.42297,187.6001,208.87526,221.79173278808594,212.86138916015625,223.65274047851562,G5056
2001-09-18,2001-09-18,192.57536,211.21335,223.65274,206.13543701171875,212.86138916015625,223.65274047851562,G5056
2001-09-21,2001-09-21,201.51497,212.86139,198.90465,203.13653564453125,212.86138916015625,265.5339050292969,G5056
2001-09-25,2001-09-25,203.13654,185.58408,176.93097,203.13653564453125,241.02340698242188,277.3599548339844,G5056
2001-09-28,2001-09-28,182.97974,173.9487,221.96669,244.12269592285156,260.51092529296875,277.3599548339844,G5056
2001-10-02,2001-10-02,173.0499,204.88133,265.5339,248.44386291503906,260.51092529296875,277.3599548339844,G5056
2001-10-05,2001-10-05,195.89426,241.0234,277.35995,248.44386291503906,260.51092529296875,277.3599548339844,G5056
2001-10-09,2001-10-09,244.1227,260.51093,238.40643,248.44386291503906,260.51092529296875,277.3599548339844,G5056
2001-10-12,2001-10-12,248.44386,227.97653,209.55756,248.44386291503906,260.51092529296875,277.3599548339844,G5056
2001-10-16,2001-10-16,216.62175,200.91646,207.11285,248.44386291503906,260.51092529296875,277.3599548339844,G5056
2001-10-19,2001-10-19,193.7796,206.59393,215.84573,248.44386291503906,260.51092529296875,281.8947448730469,G5056
2001-10-23,2001-10-23,187.25922,193.04556,200.0624,248.44386291503906,248.35643005371094,310.94549560546875,G5056
2001-10-26,2001-10-26,185.17389,185.9093,224.21075,258.55902099609375,295.98150634765625,326.1061706542969,G5056
2001-10-30,2001-10-30,177.04396,199.70354,281.89474,291.8748474121094,315.5709228515625,326.1061706542969,G5056
2001-11-02,2001-11-02,195.02065,248.35643,310.9455,313.30755615234375,315.5709228515625,326.1061706542969,G5056
2001-11-06,2001-11-06,258.55902,295.9815,326.10617,313.30755615234375,315.5709228515625,326.1061706542969,G5056
2001-11-09,2001-11-09,291.87485,315.57092,305.35397,313.30755615234375,315.5709228515625,326.1061706542969,G5056
2001-11-13,2001-11-13,313.30756,293.81793,248.39026,313.30755615234375,315.5709228515625,326.1061706542969,G5056
2001-11-16,2001-11-16,290.69565,252.15874,233.4825,313.30755615234375,315.5709228515625,326.1061706542969,G5056
2001-11-20,2001-11-20,237.78215,225.53195,236.39902,313.30755615234375,315.5709228515625,305.3539733886719,G5056
2001-11-23,2001-11-23,221.85074,227.79677,234.94984,313.30755615234375,293.81793212890625,250.81243896484375,G5056
2001-11-27,2001-11-27,224.87924,225.97322,250.81244,290.6956481933594,252.1587371826172,250.81243896484375,G5056
2001-11-30,2001-11-30,224.11494,239.2061,244.39449,243.30885314941406,239.91017150878906,250.81243896484375,G5056
2001-12-04,2001-12-04,243.30885,239.91017,207.89232,243.30885314941406,239.91017150878906,250.81243896484375,G5056
2001-12-07,2001-12-07,238.54504,213.23334,193.29613,243.30885314941406,239.91017150878906,250.81243896484375,G5056
2001-12-11,2001-12-11,203.12619,189.76686,192.26038,243.30885314941406,239.91017150878906,244.3944854736328,G5056
2001-12-14,2001-12-14,188.75203,190.13779,186.1592,243.30885314941406,239.91017150878906,207.89231872558594,G5056
2001-12-18,2001-12-18,187.79616,181.27086,164.51942,238.5450439453125,213.23333740234375,193.29612731933594,G5056
2001-12-21,2001-12-21,180.35147,167.50125,150.5955,203.12619018554688,190.13778686523438,192.2603759765625,G5056
2001-12-25,2001-12-25,161.63448,148.81705,134.15459,188.7520294189453,190.13778686523438,186.15919494628906,G5056
2001-12-28,2001-12-28,148.3887,137.35808,123.71219,187.79615783691406,181.27085876464844,164.51942443847656,G5056
2002-01-02,2002-01-02,129.13963,119.260635,106.70203,180.35147094726562,167.50125122070312,150.5955047607422,G5056
2002-01-05,2002-01-05,119.24126,109.76578,97.73688,161.6344757080078,148.81704711914062,134.1545867919922,G5056
2002-01-09,2002-01-09,106.54163,97.38736,86.60255,148.38870239257812,137.3580780029297,123.71218872070312,G5056
2002-01-12,2002-01-12,97.16586,88.7865,80.90487,129.13963317871094,119.26063537597656,106.7020263671875,G5056
2002-01-16,2002-01-16,86.20543,80.74873,83.298,119.24125671386719,109.76577758789062,107.79429626464844,G5056
2002-01-19,2002-01-19,80.46288,81.09228,92.28897,106.54163360595703,107.46272277832031,107.79429626464844,G5056
2002-01-23,2002-01-23,82.71,92.108185,105.68775,107.24061584472656,107.46272277832031,107.79429626464844,G5056
2002-01-26,2002-01-26,91.76606,102.6685,107.7943,107.24061584472656,107.46272277832031,107.79429626464844,G5056
2002-01-30,2002-01-30,105.01611,107.46272,97.689186,107.24061584472656,107.46272277832031,107.79429626464844,G5056
2002-02-02,2002-02-02,107.240616,100.8773,86.45583,107.24061584472656,107.46272277832031,107.79429626464844,G5056
2002-02-06,2002-02-06,97.23322,86.26061,72.35333,107.24061584472656,107.46272277832031,107.79429626464844,G5056
2002-02-09,2002-02-09,86.08667,75.61672,63.29884,107.24061584472656,107.46272277832031,97.6891860961914,G5056
2002-02-13,2002-02-13,72.19821,63.2411,53.89159,107.24061584472656,100.8772964477539,86.4558334350586,G5056
2002-02-16,2002-02-16,63.170006,55.960213,48.34779,97.23322296142578,86.26061248779297,72.35333251953125,G5056
2002-02-20,2002-02-20,53.63043,48.270195,42.586567,86.086669921875,75.6167221069336,63.2988395690918,G5056
2002-02-23,2002-02-23,48.18388,43.724495,38.49356,72.19821166992188,63.2411003112793,53.8915901184082,G5056
2002-02-27,2002-02-27,42.398724,38.6937,32.196312,63.170005798339844,55.96021270751953,48.3477897644043,G5056
2002-03-02,2002-03-02,38.31699,33.28373,28.614891,53.630428314208984,48.27019500732422,42.58656692504883,G5056
2002-03-06,2002-03-06,31.7157,28.961529,25.98351,48.18387985229492,43.72449493408203,41.45035171508789,G5056
2002-03-09,2002-03-09,28.351564,26.18693,25.412085,42.39872360229492,41.361961364746094,64.20789337158203,G5056
2002-03-13,2002-03-13,25.642828,25.131231,29.541943,39.33858871459961,56.02031707763672,77.2580337524414,G5056
2002-03-16,2002-03-16,25.205393,27.50059,41.45035,60.82630920410156,77.46670532226562,98.49089050292969,G5056
2002-03-20,2002-03-20,29.23058,41.36196,64.20789,76.23904418945312,93.57665252685547,112.81192016601562,G5056
2002-03-23,2002-03-23,39.33859,56.020317,77.25803,94.89083099365234,110.52142333984375,128.31373596191406,G5056
2002-03-27,2002-03-27,60.82631,77.466705,98.49089,108.85901641845703,124.05307006835938,134.1036376953125,G5056
2002-03-30,2002-03-30,76.239044,93.57665,112.81192,122.36811065673828,130.61965942382812,134.1036376953125,G5056
2002-04-03,2002-04-03,94.89083,110.52142,128.31374,128.7987060546875,130.61965942382812,134.1036376953125,G5056
2002-04-06,2002-04-06,108.85902,124.05307,134.10364,128.7987060546875,130.61965942382812,134.1036376953125,G5056
2002-04-10,2002-04-10,122.36811,130.61966,123.22414,128.7987060546875,130.61965942382812,134.1036376953125,G5056
2002-04-13,2002-04-13,128.7987,123.56137,115.532555,128.7987060546875,130.61965942382812,134.1036376953125,G5056
2002-04-17,2002-04-17,120.70396,118.03422,125.40917,128.7987060546875,130.61965942382812,137.53062438964844,G5056
2002-04-20,2002-04-20,113.83694,121.74708,119.32246,128.7987060546875,131.56092834472656,174.26109313964844,G5056
2002-04-24,2002-04-24,119.53602,117.04268,112.76661,129.17005920410156,157.21844482421875,223.58285522460938,G5056
2002-04-27,2002-04-27,116.22967,114.248085,137.53062,158.63494873046875,219.11712646484375,297.24005126953125,G5056
2002-05-01,2002-05-01,113.74977,131.56093,174.2611,213.64942932128906,290.49884033203125,359.3768310546875,G5056
2002-05-04,2002-05-04,129.17006,157.21844,223.58286,285.8323059082031,353.0634765625,415.73345947265625,G5056
2002-05-08,2002-05-08,158.63495,219.11713,297.24005,341.2958679199219,409.9398193359375,415.73345947265625,G5056
2002-05-11,2002-05-11,213.64943,290.49884,359.37683,395.18377685546875,409.9398193359375,415.73345947265625,G5056
2002-05-15,2002-05-15,285.8323,353.06348,415.73346,395.18377685546875,409.9398193359375,415.73345947265625,G5056
2002-05-18,2002-05-18,341.29587,409.93982,404.17203,395.18377685546875,409.9398193359375,415.73345947265625,G5056
2002-05-22,2002-05-22,395.18378,393.68307,368.55234,395.18377685546875,421.1889953613281,415.73345947265625,G5056
2002-05-25,2002-05-25,378.635,365.36365,397.72357,401.3392333984375,421.1889953613281,415.73345947265625,G5056
2002-05-29,2002-05-29,347.87482,394.10007,405.89008,401.3392333984375,421.1889953613281,405.89007568359375,G5056
2002-06-01,2002-06-01,390.91864,421.189,345.99225,401.3392333984375,421.1889953613281,405.89007568359375,G5056
2002-06-05,2002-06-05,401.33923,342.14008,270.2906,401.3392333984375,421.1889953613281,405.89007568359375,G5056
2002-06-08,2002-06-08,331.52884,279.6333,232.43652,401.3392333984375,421.1889953613281,405.89007568359375,G5056
2002-06-12,2002-06-12,248.45592,234.84927,227.91144,401.3392333984375,421.1889953613281,345.99224853515625,G5056
2002-06-15,2002-06-15,231.41501,214.75008,202.80737,401.3392333984375,342.14007568359375,270.29058837890625,G5056
2002-06-19,2002-06-19,205.91492,194.56133,182.87164,331.5288391113281,279.63330078125,232.4365234375,G5056
2002-06-22,2002-06-22,185.28773,177.04958,182.72282,248.45591735839844,234.84927368164062,227.91143798828125,G5056
2002-06-26,2002-06-26,169.0042,182.83163,198.09479,231.41500854492188,214.7500762939453,202.807373046875,G5056
2002-06-29,2002-06-29,172.68117,199.35123,192.1818,205.9149169921875,199.35122680664062,198.09478759765625,G5056
2002-07-03,2002-07-03,180.82372,175.64034,168.66066,185.28773498535156,199.35122680664062,198.09478759765625,G5056
2002-07-06,2002-07-06,169.56029,164.1749,160.10448,180.82371520996094,199.35122680664062,198.09478759765625,G5056
2002-07-10,2002-07-10,154.67915,154.70934,131.15044,180.82371520996094,199.35122680664062,192.18179321289062,G5056
2002-07-13,2002-07-13,147.5119,138.95314,113.14615,180.82371520996094,175.6403350830078,168.66065979003906,G5056
2002-07-17,2002-07-17,130.96152,111.579285,95.90602,169.56028747558594,164.17489624023438,160.10447692871094,G5056
2002-07-20,2002-07-20,110.5118,95.14896,85.70773,154.6791534423828,154.70933532714844,131.1504364013672,G5056
2002-07-24,2002-07-24,79.21113,81.179375,85.48086,147.51190185546875,138.95314025878906,113.14614868164062,G5056
2002-07-27,2002-07-27,75.555336,80.43725,93.78134,130.96151733398438,111.57928466796875,95.90602111816406,G5056
2002-07-31,2002-07-31,82.23662,88.447014,89.190254,110.51180267333984,95.14895629882812,93.78134155273438,G5056
2002-08-03,2002-08-03,84.33055,90.666275,79.485565,87.83540344238281,90.66627502441406,93.78134155273438,G5056
2002-08-07,2002-08-07,87.8354,85.300896,68.105225,87.83540344238281,90.66627502441406,93.78134155273438,G5056
2002-08-10,2002-08-10,70.65088,57.49515,53.960567,87.83540344238281,90.66627502441406,89.19025421142578,G5056
2002-08-14,2002-08-14,46.76495,39.34717,46.810234,87.83540344238281,90.66627502441406,79.48556518554688,G5056
2002-08-17,2002-08-17,35.779713,35.020435,62.497795,87.83540344238281,85.30089569091797,71.07976531982422,G5056
2002-08-21,2002-08-21,34.309856,58.19759,71.079765,70.65087890625,70.65738677978516,71.07976531982422,G5056
2002-08-24,2002-08-24,52.712185,70.65739,67.5246,57.43701934814453,70.65738677978516,71.07976531982422,G5056
2002-08-28,2002-08-28,57.43702,48.580593,58.107445,57.43701934814453,70.65738677978516,71.07976531982422,G5056
2002-08-31,2002-08-31,42.831493,44.984856,48.87716,57.43701934814453,70.65738677978516,71.07976531982422,G5056
2002-09-04,2002-09-04,42.174915,41.367363,42.84757,57.43701934814453,70.65738677978516,67.52459716796875,G5056
2002-09-07,2002-09-07,38.833527,35.5504,36.35178,57.43701934814453,48.58059310913086,58.107444763183594,G5056
2002-09-11,2002-09-11,31.673891,33.18806,30.872248,42.83149337768555,44.98485565185547,48.877159118652344,G5056
2002-09-14,2002-09-14,35.405594,36.00336,25.262278,42.1749153137207,41.36736297607422,42.84756851196289,G5056
2002-09-18,2002-09-18,26.80439,18.928194,14.908953,38.833526611328125,36.003360748291016,40.29685592651367,G5056
2002-09-21,2002-09-21,13.397112,8.169346,12.702158,35.40559387207031,40.87529373168945,60.49833679199219,G5056
2002-09-25,2002-09-25,4.854362,6.6749487,23.47779,38.4414176940918,53.43290328979492,60.49833679199219,G5056
2002-09-28,2002-09-28,3.8840134,11.475146,40.296856,52.85078430175781,56.2636604309082,60.49833679199219,G5056
2002-10-02,2002-10-02,17.9751,40.875294,60.498337,52.85078430175781,56.2636604309082,95.72990417480469,G5056
2002-10-05,2002-10-05,38.441418,53.432903,56.902924,52.85078430175781,92.27662658691406,239.7057342529297,G5056
2002-10-09,2002-10-09,52.850784,56.26366,58.46252,88.46983337402344,216.05368041992188,239.7057342529297,G5056
2002-10-12,2002-10-12,52.481255,55.352448,95.729904,230.7762908935547,219.89791870117188,239.7057342529297,G5056
2002-10-16,2002-10-16,52.725506,92.27663,239.70573,230.7762908935547,219.89791870117188,239.7057342529297,G5056
2002-10-19,2002-10-19,88.46983,216.05368,222.82991,230.7762908935547,219.89791870117188,239.7057342529297,G5056
2002-10-23,2002-10-23,230.77629,219.89792,165.1051,230.7762908935547,219.89791870117188,239.7057342529297,G5056
2002-10-26,2002-10-26,212.162,171.19176,147.43845,230.7762908935547,219.89791870117188,239.7057342529297,G5056
2002-10-30,2002-10-30,154.90813,147.31233,176.10832,230.7762908935547,219.89791870117188,239.49501037597656,G5056
2002-11-02,2002-11-02,144.82704,162.53125,193.85643,230.7762908935547,231.65460205078125,239.49501037597656,G5056
2002-11-06,2002-11-06,165.21268,185.36539,223.23419,229.99766540527344,231.65460205078125,239.49501037597656,G5056
2002-11-09,2002-11-09,181.20978,204.68045,239.49501,229.99766540527344,231.65460205078125,239.49501037597656,G5056
2002-11-13,2002-11-13,210.07852,231.6546,223.37912,229.99766540527344,231.65460205078125,239.49501037597656,G5056
2002-11-16,2002-11-16,229.99767,224.69528,206.1108,229.99766540527344,231.65460205078125,239.49501037597656,G5056
2002-11-20,2002-11-20,214.43726,199.66136,205.94124,229.99766540527344,231.65460205078125,239.49501037597656,G5056
2002-11-23,2002-11-23,196.66783,195.99301,210.80011,229.99766540527344,231.65460205078125,223.37911987304688,G5056
2002-11-27,2002-11-27,194.68687,201.74527,191.39609,229.99766540527344,224.69528198242188,210.80010986328125,G5056
2002-11-30,2002-11-30,198.68391,191.1731,172.21278,214.437255859375,201.74526977539062,210.80010986328125,G5056
2002-12-04,2002-12-04,184.08139,166.90968,153.15121,198.6839141845703,201.74526977539062,210.80010986328125,G5056
2002-12-07,2002-12-07,165.77448,153.31299,145.07304,198.6839141845703,201.74526977539062,191.39608764648438,G5056
2002-12-11,2002-12-11,149.4637,143.03824,139.0324,198.6839141845703,191.173095703125,172.21278381347656,G5056
2002-12-14,2002-12-14,142.13354,138.48161,137.47395,184.08139038085938,166.90968322753906,187.117431640625,G5056
2002-12-18,2002-12-18,136.75894,136.02397,143.36176,165.77447509765625,182.49658203125,187.117431640625,G5056
2002-12-21,2002-12-21,134.9368,138.21596,164.33957,185.31527709960938,182.49658203125,187.117431640625,G5056
2002-12-25,2002-12-25,140.44653,162.44124,187.11743,185.31527709960938,182.49658203125,187.117431640625,G5056
2002-12-28,2002-12-28,160.87521,182.49658,184.30006,185.31527709960938,182.49658203125,187.117431640625,G5056
2003-01-02,2003-01-02,185.31528,178.66281,153.71121,185.31527709960938,182.49658203125,187.117431640625,G5056
2003-01-05,2003-01-05,177.98463,159.90022,133.28603,185.31527709960938,182.49658203125,187.117431640625,G5056
2003-01-09,2003-01-09,152.7002,132.98883,112.64202,185.31527709960938,182.49658203125,184.30006408691406,G5056
2003-01-12,2003-01-12,132.71082,116.75681,101.985825,185.31527709960938,178.66281127929688,153.71121215820312,G5056
2003-01-16,2003-01-16,112.335815,101.78078,92.91571,177.98463439941406,159.9002227783203,133.28602600097656,G5056
2003-01-19,2003-01-19,101.589874,94.69606,87.714355,152.7001953125,132.98883056640625,112.64202117919922,G5056
2003-01-23,2003-01-23,92.603,87.43563,79.62839,132.7108154296875,116.7568130493164,101.98582458496094,G5056
2003-01-26,2003-01-26,87.28989,81.63137,73.32281,112.3358154296875,101.78077697753906,92.91571044921875,G5056
2003-01-30,2003-01-30,79.55238,73.50227,68.406166,101.58987426757812,94.69606018066406,87.71435546875,G5056
2003-02-02,2003-02-02,73.349304,69.1261,68.66207,92.60299682617188,87.43563079833984,79.62838745117188,G5056
2003-02-06,2003-02-06,68.17055,68.43243,70.972015,87.28988647460938,81.6313705444336,73.32280731201172,G5056
2003-02-09,2003-02-09,68.13613,70.29071,70.51156,79.55238342285156,73.50227355957031,70.97201538085938,G5056
2003-02-13,2003-02-13,70.56004,70.35668,65.03732,73.34930419921875,70.35668182373047,70.97201538085938,G5056
2003-02-16,2003-02-16,70.03551,66.5808,58.74748,70.56004333496094,70.35668182373047,70.97201538085938,G5056
2003-02-20,2003-02-20,64.76026,58.745686,50.567696,70.56004333496094,70.35668182373047,70.51155853271484,G5056
2003-02-23,2003-02-23,58.68355,52.501137,44.485878,70.56004333496094,70.35668182373047,65.03732299804688,G5056
2003-02-27,2003-02-27,50.35235,44.58809,35.430798,70.03550720214844,66.58080291748047,58.74747848510742,G5056
2003-03-02,2003-03-02,44.095383,37.31631,30.88233,64.76026153564453,58.74568557739258,50.56769561767578,G5056
2003-03-06,2003-03-06,34.76895,30.287281,26.502897,58.68355178833008,52.501136779785156,44.485877990722656,G5056
2003-03-09,2003-03-09,30.086708,27.143824,25.713612,50.35234832763672,44.58808898925781,48.205326080322266,G5056
2003-03-13,2003-03-13,25.86825,25.641499,32.291286,44.09538269042969,46.88399124145508,50.764427185058594,G5056
2003-03-16,2003-03-16,24.96347,29.672924,42.286713,47.37474822998047,51.54531478881836,61.02402877807617,G5056
2003-03-20,2003-03-20,31.549513,41.097416,48.205326,49.729644775390625,58.15214157104492,69.96554565429688,G5056
2003-03-23,2003-03-23,40.83293,46.88399,50.764427,57.5013542175293,66.65389251708984,73.7411117553711,G5056
2003-03-27,2003-03-27,47.37475,51.545315,61.02403,65.18789672851562,73.68148803710938,74.3196792602539,G5056
2003-03-30,2003-03-30,49.729645,58.15214,69.965546,68.6511459350586,73.68148803710938,74.3196792602539,G5056
2003-04-03,2003-04-03,57.501354,66.65389,73.74111,69.00634765625,73.68148803710938,74.3196792602539,G5056
2003-04-06,2003-04-06,65.1879,73.68149,74.31968,70.62142944335938,73.68148803710938,74.3196792602539,G5056
2003-04-10,2003-04-10,68.651146,71.79281,72.82899,70.62142944335938,73.68148803710938,74.3196792602539,G5056
2003-04-13,2003-04-13,69.00635,70.29474,66.42693,70.62142944335938,73.68148803710938,77.27714538574219,G5056
2003-04-17,2003-04-17,70.62143,66.01141,57.52326,70.62142944335938,73.68148803710938,166.28680419921875,G5056
2003-04-20,2003-04-20,63.82894,55.184063,49.005672,71.36843872070312,165.97467041015625,264.9599914550781,G5056
2003-04-24,2003-04-24,53.07602,46.33668,77.277145,157.83840942382812,250.14431762695312,301.7972412109375,G5056
2003-04-27,2003-04-27,42.89712,53.509796,166.2868,250.8206329345703,277.0041198730469,301.7972412109375,G5056
2003-05-01,2003-05-01,71.36844,165.97467,264.96,272.5418701171875,277.0041198730469,301.7972412109375,G5056
2003-05-04,2003-05-04,157.83841,250.14432,301.79724,272.5418701171875,287.8605041503906,319.0669860839844,G5056
2003-05-08,2003-05-08,250.82063,277.00412,253.44669,272.5418701171875,313.224609375,321.2486877441406,G5056
2003-05-11,2003-05-11,272.54187,261.83392,291.15973,292.91259765625,313.224609375,321.2486877441406,G5056
2003-05-15,2003-05-15,255.80931,287.8605,319.067,292.91259765625,313.224609375,321.2486877441406,G5056
2003-05-18,2003-05-18,270.27402,313.2246,321.2487,292.91259765625,313.224609375,321.2486877441406,G5056
2003-05-22,2003-05-22,292.9126,300.08755,280.67578,292.91259765625,313.224609375,321.2486877441406,G5056
2003-05-25,2003-05-25,290.06494,279.72388,241.71182,292.91259765625,313.224609375,321.2486877441406,G5056
2003-05-29,2003-05-29,265.49057,238.35707,207.53876,292.91259765625,313.224609375,321.2486877441406,G5056
2003-06-01,2003-06-01,232.19073,215.87569,190.21768,292.91259765625,300.0875549316406,280.67578125,G5056
2003-06-05,2003-06-05,197.334,190.38116,186.0952,290.06494140625,279.723876953125,276.62933349609375,G5056
2003-06-08,2003-06-08,179.379,176.62418,188.85225,265.4905700683594,250.52064514160156,281.05047607421875,G5056
2003-06-12,2003-06-12,173.73372,187.69968,247.50882,244.65159606933594,278.9188537597656,281.05047607421875,G5056
2003-06-15,2003-06-15,176.7941,215.9766,276.62933,273.5301513671875,278.9188537597656,281.05047607421875,G5056
2003-06-19,2003-06-19,206.00491,250.52065,281.05048,273.5301513671875,278.9188537597656,281.05047607421875,G5056
2003-06-22,2003-06-22,244.6516,278.91885,278.1748,273.5301513671875,278.9188537597656,281.05047607421875,G5056
2003-06-26,2003-06-26,273.53015,278.0233,250.55734,273.5301513671875,278.9188537597656,281.05047607421875,G5056
2003-06-29,2003-06-29,270.23947,251.70338,231.34766,273.5301513671875,278.9188537597656,281.05047607421875,G5056
2003-07-03,2003-07-03,241.01752,234.10988,237.33243,273.5301513671875,278.9188537597656,278.1748046875,G5056
2003-07-06,2003-07-06,227.78635,219.41446,225.87207,273.5301513671875,278.0232849121094,250.55734252929688,G5056
2003-07-10,2003-07-10,213.19725,218.58344,234.25018,270.2394714355469,251.70338439941406,237.33242797851562,G5056
2003-07-13,2003-07-13,214.5786,215.21814,211.78055,241.01751708984375,234.10987854003906,237.33242797851562,G5056
2003-07-17,2003-07-17,191.37466,189.6603,182.18489,227.78634643554688,219.41445922851562,234.25018310546875,G5056
2003-07-20,2003-07-20,177.7825,173.97963,158.73792,214.57859802246094,218.58343505859375,234.25018310546875,G5056
2003-07-24,2003-07-24,152.40636,139.62892,134.69994,214.57859802246094,215.2181396484375,211.78054809570312,G5056
2003-07-27,2003-07-27,138.91782,129.8832,148.7903,191.37466430664062,189.66029357910156,182.1848907470703,G5056
2003-07-31,2003-07-31,124.70746,146.6147,167.6924,177.78250122070312,173.97962951660156,174.00694274902344,G5056
2003-08-03,2003-08-03,136.20732,151.27867,174.00694,152.40635681152344,158.65379333496094,174.00694274902344,G5056
2003-08-07,2003-08-07,133.43108,143.47363,148.3412,142.28887939453125,158.65379333496094,174.00694274902344,G5056
2003-08-10,2003-08-10,129.29158,138.32254,155.61656,142.28887939453125,158.65379333496094,174.00694274902344,G5056
2003-08-14,2003-08-14,134.95818,158.6538,169.76324,142.28887939453125,158.65379333496094,174.00694274902344,G5056
2003-08-17,2003-08-17,142.28888,147.50598,146.03996,142.28887939453125,158.65379333496094,179.42483520507812,G5056
2003-08-21,2003-08-21,123.44109,114.461716,140.08743,142.28887939453125,158.65379333496094,201.2149200439453,G5056
2003-08-24,2003-08-24,110.87571,117.988945,150.32988,161.724853515625,190.6404571533203,203.74557495117188,G5056
2003-08-28,2003-08-28,116.600174,126.41036,179.42484,175.90142822265625,190.6404571533203,203.74557495117188,G5056
2003-08-31,2003-08-31,127.72294,154.95871,201.21492,181.2224578857422,190.6404571533203,203.74557495117188,G5056
2003-09-04,2003-09-04,161.72485,190.64046,203.74557,181.2224578857422,190.6404571533203,203.74557495117188,G5056
2003-09-07,2003-09-07,175.90143,183.82608,182.31665,181.2224578857422,190.6404571533203,203.74557495117188,G5056
2003-09-11,2003-09-11,181.22246,170.51729,173.63731,181.2224578857422,190.6404571533203,203.74557495117188,G5056
2003-09-14,2003-09-14,160.78961,158.25691,183.41649,181.2224578857422,190.6404571533203,203.74557495117188,G5056
2003-09-18,2003-09-18,157.7635,164.91086,188.86198,181.2224578857422,183.82608032226562,188.8619842529297,G5056
2003-09-21,2003-09-21,160.0066,173.96062,173.94461,181.2224578857422,173.9606170654297,188.8619842529297,G5056
2003-09-25,2003-09-25,170.74243,161.7329,154.06572,170.742431640625,173.9606170654297,188.8619842529297,G5056
2003-09-28,2003-09-28,157.8916,146.32288,142.08147,170.742431640625,173.9606170654297,188.8619842529297,G5056
2003-10-02,2003-10-02,141.26704,140.88828,134.69652,170.742431640625,173.9606170654297,178.7566680908203,G5056
2003-10-05,2003-10-05,133.08644,128.27353,129.37274,170.742431640625,178.12660217285156,178.7566680908203,G5056
2003-10-09,2003-10-09,123.42143,128.79103,148.25809,171.9868927001953,178.12660217285156,178.7566680908203,G5056
2003-10-12,2003-10-12,123.73753,138.2715,178.75667,171.9868927001953,178.12660217285156,178.7566680908203,G5056
2003-10-16,2003-10-16,143.17924,178.1266,165.65375,171.9868927001953,178.12660217285156,178.7566680908203,G5056
2003-10-19,2003-10-19,171.9869,174.86931,140.99174,171.9868927001953,178.12660217285156,178.7566680908203,G5056
2003-10-23,2003-10-23,156.39427,138.6704,127.96933,171.9868927001953,178.12660217285156,178.7566680908203,G5056
2003-10-26,2003-10-26,129.23756,118.05553,138.38013,171.9868927001953,178.12660217285156,165.65374755859375,G5056
2003-10-30,2003-10-30,116.518875,138.44559,162.46117,171.9868927001953,174.8693084716797,163.07342529296875,G5056
2003-11-02,2003-11-02,132.53618,153.53682,147.20653,156.39427185058594,153.5368194580078,163.07342529296875,G5056
2003-11-06,2003-11-06,148.69586,149.59116,163.07343,148.69586181640625,153.5368194580078,163.07342529296875,G5056
2003-11-09,2003-11-09,134.18347,123.89925,137.84042,148.69586181640625,153.5368194580078,170.59573364257812,G5056
2003-11-13,2003-11-13,116.37176,116.12887,142.8561,149.2909393310547,164.71522521972656,251.75376892089844,G5056
2003-11-16,2003-11-16,113.65095,125.8592,161.34885,163.0565948486328,237.85629272460938,373.88287353515625,G5056
2003-11-20,2003-11-20,128.35464,152.52527,170.59573,231.66392517089844,357.50909423828125,373.88287353515625,G5056
2003-11-23,2003-11-23,149.29094,164.71523,251.75377,360.07696533203125,357.50909423828125,373.88287353515625,G5056
2003-11-27,2003-11-27,163.0566,237.8563,373.88287,360.07696533203125,357.50909423828125,373.88287353515625,G5056
2003-11-30,2003-11-30,231.66393,357.5091,322.52094,360.07696533203125,357.50909423828125,373.88287353515625,G5056
2003-12-04,2003-12-04,360.07697,316.6185,253.4808,360.07696533203125,357.50909423828125,373.88287353515625,G5056
2003-12-07,2003-12-07,315.1406,262.82138,226.22237,360.07696533203125,357.50909423828125,373.88287353515625,G5056
2003-12-11,2003-12-11,248.32352,223.07617,222.87927,360.07696533203125,357.50909423828125,322.52093505859375,G5056
2003-12-14,2003-12-14,222.60014,217.60803,233.60971,360.07696533203125,316.6184997558594,253.48080444335938,G5056
2003-12-18,2003-12-18,219.07932,231.26723,222.09637,315.1405944824219,262.8213806152344,233.60971069335938,G5056
2003-12-21,2003-12-21,229.54884,226.54097,193.44714,248.32351684570312,231.26722717285156,233.60971069335938,G5056
2003-12-25,2003-12-25,219.21748,192.58153,157.16891,229.54884338378906,231.26722717285156,233.60971069335938,G5056
2003-12-28,2003-12-28,191.70058,164.23734,138.73625,229.54884338378906,231.26722717285156,222.09637451171875,G5056
2004-01-02,2004-01-02,148.67062,133.28143,119.093376,229.54884338378906,226.5409698486328,193.4471435546875,G5056
2004-01-05,2004-01-05,133.26065,121.97821,110.028404,219.2174835205078,192.58152770996094,157.16891479492188,G5056
2004-01-09,2004-01-09,118.703354,109.8758,98.22478,191.70057678222656,164.23733520507812,138.7362518310547,G5056
2004-01-12,2004-01-12,109.61323,100.84505,89.81202,148.67062377929688,133.28143310546875,119.09337615966797,G5056
2004-01-16,2004-01-16,97.60513,89.497635,80.147194,133.26065063476562,121.97821044921875,110.02840423583984,G5056
2004-01-19,2004-01-19,89.312164,82.15099,73.72839,118.70335388183594,109.87580108642578,98.22477722167969,G5056
2004-01-23,2004-01-23,79.82049,73.63884,65.69403,109.61322784423828,100.84504699707031,89.81201934814453,G5056
2004-01-26,2004-01-26,73.46918,67.31523,60.56145,97.60513305664062,89.49763488769531,80.1471939086914,G5056
2004-01-30,2004-01-30,65.14026,60.404915,58.715878,89.31216430664062,82.15099334716797,76.6912612915039,G5056
2004-02-02,2004-02-02,60.147648,58.046326,63.456604,79.82048797607422,76.68400573730469,76.6912612915039,G5056
2004-02-06,2004-02-06,58.283844,63.35693,73.49896,76.4588394165039,76.68400573730469,76.6912612915039,G5056
2004-02-09,2004-02-09,63.171886,71.14527,76.69126,76.4588394165039,76.68400573730469,76.6912612915039,G5056
2004-02-13,2004-02-13,73.221344,76.684006,74.95924,76.4588394165039,76.68400573730469,76.6912612915039,G5056
2004-02-16,2004-02-16,76.45884,75.80411,70.8332,76.4588394165039,76.68400573730469,76.6912612915039,G5056
2004-02-20,2004-02-20,74.59006,70.598816,63.80017,76.4588394165039,76.68400573730469,76.6912612915039,G5056
2004-02-23,2004-02-23,70.49079,65.48979,57.842518,76.4588394165039,76.68400573730469,74.95924377441406,G5056
2004-02-27,2004-02-27,63.616684,57.93209,48.369453,76.4588394165039,75.80410766601562,70.83319854736328,G5056
2004-03-02,2004-03-02,54.895702,48.07021,44.10187,74.59005737304688,70.59881591796875,63.8001708984375,G5056
2004-03-06,2004-03-06,46.117897,43.839077,47.211884,70.49079132080078,65.48979187011719,58.618350982666016,G5056
2004-03-09,2004-03-09,42.46085,44.48876,53.143333,63.61668395996094,58.587284088134766,58.618350982666016,G5056
2004-03-13,2004-03-13,44.9754,52.566975,58.61835,58.942440032958984,58.587284088134766,58.618350982666016,G5056
2004-03-16,2004-03-16,52.590908,58.587284,57.394035,58.942440032958984,58.587284088134766,58.618350982666016,G5056
2004-03-20,2004-03-20,58.94244,56.910324,49.103848,58.942440032958984,58.587284088134766,58.618350982666016,G5056
2004-03-23,2004-03-23,56.832016,51.48892,44.527096,58.942440032958984,58.587284088134766,58.618350982666016,G5056
2004-03-27,2004-03-27,49.119007,44.230312,40.752518,58.942440032958984,58.587284088134766,58.498085021972656,G5056
2004-03-30,2004-03-30,44.607296,40.38329,46.276585,58.942440032958984,56.91032409667969,58.498085021972656,G5056
2004-04-03,2004-04-03,39.81979,48.168613,58.498085,56.83201599121094,54.31184387207031,58.498085021972656,G5056
2004-04-06,2004-04-06,45.100636,54.311844,53.084274,52.07667541503906,59.09489822387695,110.20470428466797,G5056
2004-04-10,2004-04-10,52.076675,53.14139,49.2856,58.20297622680664,94.54363250732422,138.96347045898438,G5056
2004-04-13,2004-04-13,51.486843,47.68234,57.052174,106.358642578125,135.9615478515625,150.989013671875,G5056
2004-04-17,2004-04-17,48.095818,59.0949,110.204704,133.04139709472656,146.0040283203125,175.40196228027344,G5056
2004-04-20,2004-04-20,58.202976,94.54363,138.96347,149.33851623535156,175.4803466796875,218.7305450439453,G5056
2004-04-24,2004-04-24,106.35864,135.96155,150.98901,174.8758544921875,198.67762756347656,268.8020324707031,G5056
2004-04-27,2004-04-27,133.0414,146.00403,175.40196,205.2592315673828,268.8147277832031,281.2148742675781,G5056
2004-05-01,2004-05-01,149.33852,175.48035,218.73055,259.8538513183594,284.6046447753906,281.2148742675781,G5056
2004-05-04,2004-05-04,174.87585,198.67763,268.80203,279.0746154785156,284.6046447753906,282.4237060546875,G5056
2004-05-08,2004-05-08,205.25923,268.81473,281.21487,279.0746154785156,284.6046447753906,286.2213134765625,G5056
2004-05-11,2004-05-11,259.85385,284.60464,273.24966,279.0746154785156,288.1424255371094,286.2213134765625,G5056
2004-05-15,2004-05-15,279.07462,269.0673,282.4237,279.6405334472656,288.1424255371094,286.2213134765625,G5056
2004-05-18,2004-05-18,266.8241,269.9338,286.2213,279.6405334472656,288.1424255371094,286.2213134765625,G5056
2004-05-22,2004-05-22,272.02835,288.14243,246.71606,279.6405334472656,288.1424255371094,286.2213134765625,G5056
2004-05-25,2004-05-25,279.64053,261.369,219.12328,279.6405334472656,288.1424255371094,286.2213134765625,G5056
2004-05-29,2004-05-29,248.55032,220.11215,201.55376,279.6405334472656,288.1424255371094,286.2213134765625,G5056
2004-06-01,2004-06-01,215.34999,199.61803,190.85056,279.6405334472656,288.1424255371094,246.716064453125,G5056
2004-06-05,2004-06-05,193.5538,196.15913,189.6263,279.6405334472656,261.3689880371094,219.12327575683594,G5056
2004-06-08,2004-06-08,187.85889,193.6507,184.99075,248.55032348632812,220.11215209960938,201.5537567138672,G5056
2004-06-12,2004-06-12,177.68588,185.4162,165.96272,215.34999084472656,199.61802673339844,190.85055541992188,G5056
2004-06-15,2004-06-15,172.58977,178.24841,148.12872,193.55380249023438,196.1591339111328,189.6262969970703,G5056
2004-06-19,2004-06-19,158.41655,146.42953,122.90319,187.85888671875,193.65069580078125,184.99075317382812,G5056
2004-06-22,2004-06-22,138.79054,129.08653,118.10108,177.68588256835938,185.41619873046875,165.9627227783203,G5056
2004-06-26,2004-06-26,117.904144,109.5356,102.24304,172.5897674560547,178.2484130859375,148.12872314453125,G5056
2004-06-29,2004-06-29,103.985146,99.41142,97.2322,158.4165496826172,146.42953491210938,122.90319061279297,G5056
2004-07-03,2004-07-03,92.9309,93.5834,86.44794,138.79054260253906,129.08653259277344,118.10108184814453,G5056
2004-07-06,2004-07-06,87.50967,85.2655,79.24996,117.90414428710938,109.53559875488281,102.2430419921875,G5056
2004-07-10,2004-07-10,75.72266,81.46802,70.025215,103.98514556884766,99.41142272949219,97.2322006225586,G5056
2004-07-13,2004-07-13,71.21384,63.7893,54.51764,92.93090057373047,93.5833969116211,86.44793701171875,G5056
2004-07-17,2004-07-17,58.91497,54.901463,41.626682,87.5096664428711,85.2655029296875,79.24996185302734,G5056
2004-07-20,2004-07-20,47.96252,44.94872,37.579987,75.72265625,81.468017578125,73.31396484375,G5056
2004-07-24,2004-07-24,35.345676,37.657978,39.99289,71.21383666992188,63.78929901123047,118.08271789550781,G5056
2004-07-27,2004-07-27,33.142574,33.275684,48.95707,61.255619049072266,122.57756042480469,181.40536499023438,G5056
2004-07-31,2004-07-31,36.596104,50.46725,73.313965,114.98395538330078,181.19253540039062,181.40536499023438,G5056
2004-08-03,2004-08-03,41.346016,58.62443,118.08272,173.3800048828125,181.19253540039062,181.40536499023438,G5056
2004-08-07,2004-08-07,61.25562,122.57756,181.40536,173.3800048828125,181.19253540039062,181.40536499023438,G5056
2004-08-10,2004-08-10,114.983955,181.19254,171.7192,173.3800048828125,181.19253540039062,181.40536499023438,G5056
2004-08-14,2004-08-14,173.38,170.04721,137.47241,173.3800048828125,181.19253540039062,181.40536499023438,G5056
2004-08-17,2004-08-17,158.16438,131.18933,116.76177,173.3800048828125,181.19253540039062,181.40536499023438,G5056
2004-08-21,2004-08-21,125.77775,110.22395,113.7292,173.3800048828125,181.19253540039062,171.7191925048828,G5056
2004-08-24,2004-08-24,103.98777,101.13082,95.65203,173.3800048828125,170.04721069335938,137.472412109375,G5056
2004-08-28,2004-08-28,97.89677,85.73943,88.270775,158.1643829345703,131.1893310546875,116.76177215576172,G5056
2004-08-31,2004-08-31,83.99287,84.895355,89.852486,125.77774810791016,110.22395324707031,113.72920227050781,G5056
2004-09-04,2004-09-04,84.72739,92.71745,99.34188,103.9877700805664,101.13082122802734,99.34188079833984,G5056
2004-09-07,2004-09-07,80.351715,85.51619,90.15771,97.89676666259766,92.71745300292969,99.34188079833984,G5056
2004-09-11,2004-09-11,82.72811,80.05697,89.85647,84.72738647460938,92.71745300292969,99.34188079833984,G5056
2004-09-14,2004-09-14,76.77346,79.45214,95.16144,84.72738647460938,92.71745300292969,99.34188079833984,G5056
2004-09-18,2004-09-18,67.540985,82.81725,96.26787,83.01416778564453,91.47735595703125,96.26786804199219,G5056
2004-09-21,2004-09-21,78.53617,91.477356,92.886894,83.01416778564453,91.47735595703125,96.26786804199219,G5056
2004-09-25,2004-09-25,83.01417,83.53136,94.242805,83.01416778564453,91.47735595703125,96.26786804199219,G5056
2004-09-28,2004-09-28,75.9543,79.35892,84.65094,83.01416778564453,91.47735595703125,120.65226745605469,G5056
2004-10-02,2004-10-02,75.39816,79.94772,85.26873,84.50640869140625,111.18882751464844,121.78702545166016,G5056
2004-10-05,2004-10-05,74.715324,72.32494,92.21818,106.92034149169922,116.7289047241211,121.8262710571289,G5056
2004-10-09,2004-10-09,70.14095,89.739655,120.65227,111.00072479248047,117.88589477539062,143.14834594726562,G5056
2004-10-12,2004-10-12,84.50641,111.18883,121.787025,111.29597473144531,130.88580322265625,158.1408233642578,G5056
2004-10-16,2004-10-16,106.92034,116.728905,121.82627,122.80404663085938,147.50103759765625,159.5647735595703,G5056
2004-10-19,2004-10-19,111.000725,117.885895,143.14835,136.43577575683594,147.50103759765625,159.5647735595703,G5056
2004-10-23,2004-10-23,111.295975,130.8858,158.14082,139.18666076660156,147.50103759765625,159.5647735595703,G5056
2004-10-26,2004-10-26,122.80405,147.50104,159.56477,139.18666076660156,147.50103759765625,163.24838256835938,G5056
2004-10-30,2004-10-30,136.43578,141.46411,138.41438,139.18666076660156,147.50103759765625,202.15797424316406,G5056
2004-11-02,2004-11-02,139.18666,133.83948,133.81322,153.02117919921875,195.19082641601562,229.22885131835938,G5056
2004-11-06,2004-11-06,129.27632,126.438095,163.24838,191.4774932861328,220.55172729492188,229.22885131835938,G5056
2004-11-09,2004-11-09,124.00275,144.55884,202.15797,218.86386108398438,220.55172729492188,229.22885131835938,G5056
2004-11-13,2004-11-13,153.02118,195.19083,229.22885,218.86386108398438,220.55172729492188,229.22885131835938,G5056
2004-11-16,2004-11-16,191.4775,220.55173,226.50261,218.86386108398438,220.55172729492188,234.09010314941406,G5056
2004-11-20,2004-11-20,218.86386,220.54326,207.66704,218.86386108398438,220.55172729492188,261.5028381347656,G5056
2004-11-23,2004-11-23,216.77438,205.60526,198.60648,229.66102600097656,258.27569580078125,261.5028381347656,G5056
2004-11-27,2004-11-27,199.96152,195.91656,234.0901,257.7665100097656,258.27569580078125,261.5028381347656,G5056
2004-11-30,2004-11-30,193.13568,218.04817,261.50284,257.7665100097656,258.27569580078125,261.5028381347656,G5056
2004-12-04,2004-12-04,229.66103,258.2757,237.48943,257.7665100097656,258.27569580078125,261.5028381347656,G5056
2004-12-07,2004-12-07,257.7665,246.30272,204.77037,257.7665100097656,258.27569580078125,261.5028381347656,G5056
2004-12-11,2004-12-11,235.27803,203.00064,169.5497,257.7665100097656,258.27569580078125,261.5028381347656,G5056
2004-12-14,2004-12-14,202.26051,175.27475,159.60878,257.7665100097656,258.27569580078125,237.4894256591797,G5056
2004-12-18,2004-12-18,166.92557,158.49663,159.20546,257.7665100097656,246.30271911621094,204.77037048339844,G5056
2004-12-21,2004-12-21,157.77403,158.9526,151.16672,235.2780303955078,203.00064086914062,169.54969787597656,G5056
2004-12-25,2004-12-25,158.07849,150.53746,133.59366,202.26051330566406,175.27474975585938,159.60877990722656,G5056
2004-12-28,2004-12-28,149.59895,137.18849,127.15846,166.92556762695312,158.95260620117188,159.20545959472656,G5056
2005-01-02,2005-01-02,129.4175,126.71277,132.22737,158.0784912109375,158.95260620117188,151.16671752929688,G5056
2005-01-05,2005-01-05,126.4592,130.66058,130.96185,158.0784912109375,150.53746032714844,133.59365844726562,G5056
2005-01-09,2005-01-09,131.57202,130.58353,118.69905,149.5989532470703,137.18849182128906,132.2273712158203,G5056
2005-01-12,2005-01-12,130.36182,122.26902,105.64795,131.572021484375,130.66058349609375,132.2273712158203,G5056
2005-01-16,2005-01-16,118.40651,105.496605,87.54191,131.572021484375,130.66058349609375,130.96185302734375,G5056
2005-01-19,2005-01-19,105.41658,91.82855,75.72441,131.572021484375,130.58352661132812,118.69905090332031,G5056
2005-01-23,2005-01-23,87.32176,75.53767,63.34745,130.36181640625,122.2690200805664,105.64794921875,G5056
2005-01-26,2005-01-26,75.37533,65.95138,57.073532,118.40650939941406,105.4966049194336,87.54190826416016,G5056
2005-01-30,2005-01-30,63.229424,56.97519,51.96194,105.41658020019531,91.82855224609375,75.72441101074219,G5056
2005-02-02,2005-02-02,56.885204,52.99078,49.681225,87.32176208496094,75.53766632080078,63.347450256347656,G5056
2005-02-06,2005-02-06,51.90076,49.716038,46.998592,75.37532806396484,65.95137786865234,57.07353210449219,G5056
2005-02-09,2005-02-09,49.654736,47.591885,44.735954,63.22942352294922,56.975189208984375,51.96194076538086,G5056
2005-02-13,2005-02-13,46.79577,44.56975,41.9357,56.88520431518555,52.990779876708984,49.68122482299805,G5056
2005-02-16,2005-02-16,44.57879,42.61372,40.193672,51.900760650634766,49.71603775024414,46.998592376708984,G5056
2005-02-20,2005-02-20,41.93879,40.069107,38.194744,49.65473556518555,47.59188461303711,44.73595428466797,G5056
2005-02-23,2005-02-23,40.153374,38.651325,36.762997,46.79576873779297,44.56975173950195,41.935699462890625,G5056
2005-02-27,2005-02-27,38.30188,36.779114,32.28285,44.57878875732422,42.61371994018555,40.19367218017578,G5056
2005-03-02,2005-03-02,36.85158,33.320408,30.160053,41.93878936767578,40.06910705566406,38.19474411010742,G5056
2005-03-06,2005-03-06,32.598736,30.171328,27.453354,40.15337371826172,38.65132522583008,36.762996673583984,G5056
2005-03-09,2005-03-09,30.318172,27.97603,26.050566,38.3018798828125,36.77911376953125,32.2828483581543,G5056
2005-03-13,2005-03-13,26.637426,25.797806,24.859106,36.85158157348633,33.32040786743164,147.68710327148438,G5056
2005-03-16,2005-03-16,25.251623,24.672068,23.282919,32.59873580932617,148.15771484375,266.7730407714844,G5056
2005-03-20,2005-03-20,24.058878,23.395426,27.76314,148.56715393066406,278.3071594238281,266.7730407714844,G5056
2005-03-23,2005-03-23,23.330893,24.034075,147.6871,265.26580810546875,278.3071594238281,266.7730407714844,G5056
2005-03-27,2005-03-27,27.64066,148.15771,266.77304,265.26580810546875,278.3071594238281,266.7730407714844,G5056
2005-03-30,2005-03-30,148.56715,278.30716,201.2442,265.26580810546875,278.3071594238281,266.7730407714844,G5056
2005-04-03,2005-04-03,265.2658,200.00273,127.341354,265.26580810546875,278.3071594238281,266.7730407714844,G5056
2005-04-06,2005-04-06,198.54343,142.51494,94.045166,265.26580810546875,278.3071594238281,266.7730407714844,G5056
2005-04-10,2005-04-10,124.036644,91.57386,65.749245,265.26580810546875,278.3071594238281,201.24420166015625,G5056
2005-04-13,2005-04-13,90.71398,69.17068,50.62184,265.26580810546875,200.0027313232422,127.34135437011719,G5056
2005-04-17,2005-04-17,60.022907,48.279392,42.88405,198.54342651367188,142.5149383544922,140.58905029296875,G5056
2005-04-20,2005-04-20,46.626358,39.625484,57.628857,124.0366439819336,139.32064819335938,140.58905029296875,G5056
2005-04-24,2005-04-24,39.231464,54.800774,117.3418,137.30783081054688,139.32064819335938,140.58905029296875,G5056
2005-04-27,2005-04-27,53.70544,100.121475,140.58905,137.30783081054688,139.32064819335938,140.58905029296875,G5056
2005-05-01,2005-05-01,112.87877,139.32065,136.7263,137.30783081054688,139.32064819335938,140.58905029296875,G5056
2005-05-04,2005-05-04,137.30783,135.19115,116.51949,137.30783081054688,139.32064819335938,198.63880920410156,G5056
2005-05-08,2005-05-08,134.78821,118.78298,105.264206,137.30783081054688,176.58438110351562,308.0650939941406,G5056
2005-05-11,2005-05-11,112.01848,98.55288,123.95663,194.56642150878906,296.4814453125,342.05279541015625,G5056
2005-05-15,2005-05-15,97.652275,116.77501,198.63881,288.31060791015625,340.7572326660156,342.05279541015625,G5056
2005-05-18,2005-05-18,116.34064,176.58438,308.0651,334.0944519042969,340.7572326660156,342.05279541015625,G5056
2005-05-22,2005-05-22,194.56642,296.48145,342.0528,334.0944519042969,340.7572326660156,342.05279541015625,G5056
2005-05-25,2005-05-25,288.3106,340.75723,321.36792,334.0944519042969,340.7572326660156,342.05279541015625,G5056
2005-05-29,2005-05-29,334.09445,317.2214,305.81226,334.0944519042969,340.7572326660156,342.05279541015625,G5056
2005-06-01,2005-06-01,318.84412,314.81693,316.4465,334.0944519042969,340.7572326660156,342.05279541015625,G5056
2005-06-05,2005-06-05,306.9001,302.8255,277.56006,334.0944519042969,340.7572326660156,321.367919921875,G5056
2005-06-08,2005-06-08,293.3182,288.83994,240.49677,334.0944519042969,317.2214050292969,316.4465026855469,G5056
2005-06-12,2005-06-12,271.51868,239.74066,202.90822,318.8441162109375,314.8169250488281,316.4465026855469,G5056
2005-06-15,2005-06-15,233.9941,206.86339,188.76285,306.90008544921875,302.82550048828125,277.56005859375,G5056
2005-06-19,2005-06-19,191.25082,187.78867,170.8015,293.3182067871094,288.8399353027344,240.49676513671875,G5056
2005-06-22,2005-06-22,177.17314,175.95663,168.70766,271.5186767578125,239.74066162109375,202.90821838378906,G5056
2005-06-26,2005-06-26,158.83046,152.75766,159.82819,233.9940948486328,206.86338806152344,188.76284790039062,G5056
2005-06-29,2005-06-29,150.98491,161.89578,161.105,191.25082397460938,187.78866577148438,181.59176635742188,G5056
2005-07-03,2005-07-03,146.7305,158.2306,167.44525,177.1731414794922,175.95663452148438,181.59176635742188,G5056
2005-07-06,2005-07-06,156.44649,170.56413,181.59177,158.83045959472656,170.5641326904297,181.59176635742188,G5056
2005-07-10,2005-07-10,142.90164,150.61684,140.07632,156.4464874267578,170.5641326904297,181.59176635742188,G5056
2005-07-13,2005-07-13,138.55742,130.45837,121.42094,156.4464874267578,170.5641326904297,181.59176635742188,G5056
2005-07-17,2005-07-17,120.96319,118.7163,89.609375,156.4464874267578,170.5641326904297,181.59176635742188,G5056
2005-07-20,2005-07-20,116.07862,102.69229,85.054535,142.90164184570312,150.61683654785156,140.07632446289062,G5056
2005-07-24,2005-07-24,93.959564,89.386444,83.876434,138.5574188232422,130.4583740234375,121.42093658447266,G5056
2005-07-27,2005-07-27,77.88024,77.02057,88.82757,120.96318817138672,118.71630096435547,110.08509826660156,G5056
2005-07-31,2005-07-31,75.755005,77.45469,87.69881,116.07862091064453,102.69229125976562,110.08509826660156,G5056
2005-08-03,2005-08-03,78.92978,84.06679,103.01166,94.82838439941406,105.7995834350586,110.08509826660156,G5056
2005-08-07,2005-08-07,79.900055,83.70438,110.0851,103.7708511352539,105.7995834350586,110.08509826660156,G5056
2005-08-10,2005-08-10,81.398415,90.90737,109.83671,103.7708511352539,105.7995834350586,110.08509826660156,G5056
2005-08-14,2005-08-14,94.828384,105.79958,96.90537,103.7708511352539,105.7995834350586,110.08509826660156,G5056
2005-08-17,2005-08-17,103.77085,94.77807,89.46693,103.7708511352539,105.7995834350586,124.49858856201172,G5056
2005-08-21,2005-08-21,83.01243,75.92737,86.910324,103.7708511352539,105.7995834350586,143.57626342773438,G5056
2005-08-24,2005-08-24,73.25614,75.38814,93.459564,110.24594116210938,140.1229248046875,145.15968322753906,G5056
2005-08-28,2005-08-28,73.02651,74.9062,124.49859,132.85897827148438,140.1229248046875,145.15968322753906,G5056
2005-08-31,2005-08-31,69.867096,102.139755,143.57626,132.85897827148438,140.1229248046875,145.15968322753906,G5056
2005-09-04,2005-09-04,110.24594,140.12292,145.15968,132.85897827148438,140.1229248046875,145.15968322753906,G5056
2005-09-07,2005-09-07,132.85898,138.1549,128.23776,132.85897827148438,140.1229248046875,145.15968322753906,G5056
2005-09-11,2005-09-11,123.48818,111.39087,102.18766,132.85897827148438,140.1229248046875,145.15968322753906,G5056
2005-09-14,2005-09-14,103.67744,100.15665,117.64021,132.85897827148438,140.1229248046875,145.15968322753906,G5056
2005-09-18,2005-09-18,84.56662,91.35275,127.41743,132.85897827148438,138.1549072265625,135.67739868164062,G5056
2005-09-21,2005-09-21,78.5994,94.228935,132.73605,123.4881820678711,125.04476165771484,135.67739868164062,G5056
2005-09-25,2005-09-25,98.28765,117.04987,135.6774,119.12812042236328,125.04476165771484,135.67739868164062,G5056
2005-09-28,2005-09-28,111.66602,125.04476,132.46365,119.12812042236328,125.04476165771484,135.67739868164062,G5056
2005-10-02,2005-10-02,119.12812,122.99324,108.46718,119.12812042236328,125.04476165771484,179.26382446289062,G5056
2005-10-05,2005-10-05,116.83133,105.318245,98.80854,132.1634521484375,178.56381225585938,197.2806396484375,G5056
2005-10-09,2005-10-09,102.99894,96.12296,134.02377,175.77015686035156,194.68780517578125,199.98583984375,G5056
2005-10-12,2005-10-12,92.77268,117.36765,179.26382,198.20462036132812,200.52423095703125,200.1641082763672,G5056
2005-10-16,2005-10-16,132.16345,178.56381,197.28064,198.20462036132812,200.52423095703125,204.77406311035156,G5056
2005-10-19,2005-10-19,175.77016,194.6878,199.98584,198.20462036132812,200.52423095703125,230.2863311767578,G5056
2005-10-23,2005-10-23,198.20462,200.52423,200.16411,198.20462036132812,224.11146545410156,240.33349609375,G5056
2005-10-26,2005-10-26,195.84413,195.94406,204.77406,226.04507446289062,236.52967834472656,240.33349609375,G5056
2005-10-30,2005-10-30,192.10938,197.78499,230.28633,234.70474243164062,236.52967834472656,240.80435180664062,G5056
2005-11-02,2005-11-02,197.27287,224.11147,240.3335,234.70474243164062,238.9259796142578,253.5965118408203,G5056
2005-11-06,2005-11-06,226.04507,236.52968,233.62737,237.85995483398438,255.0190887451172,253.5965118408203,G5056
2005-11-09,2005-11-09,234.70474,235.23802,240.80435,247.279052734375,255.0190887451172,253.5965118408203,G5056
2005-11-13,2005-11-13,232.23846,238.92598,253.59651,247.279052734375,255.0190887451172,253.5965118408203,G5056
2005-11-16,2005-11-16,237.85995,255.01909,223.004,247.279052734375,255.0190887451172,253.5965118408203,G5056
2005-11-20,2005-11-20,247.27905,218.95512,166.86377,247.279052734375,255.0190887451172,253.5965118408203,G5056
2005-11-23,2005-11-23,215.76776,176.10692,139.22371,247.279052734375,255.0190887451172,253.5965118408203,G5056
2005-11-27,2005-11-27,163.67302,137.7172,141.83368,247.279052734375,255.0190887451172,223.00399780273438,G5056
2005-11-30,2005-11-30,137.35248,136.42146,150.30792,247.279052734375,218.9551239013672,166.86376953125,G5056
2005-12-04,2005-12-04,140.83942,150.10764,137.20207,215.76776123046875,176.10691833496094,150.30792236328125,G5056
2005-12-07,2005-12-07,150.05241,142.44142,118.40446,163.6730194091797,150.10763549804688,150.30792236328125,G5056
2005-12-11,2005-12-11,136.46556,117.8924,95.83804,150.0524139404297,150.10763549804688,150.30792236328125,G5056
2005-12-14,2005-12-14,117.78167,100.46012,83.11389,150.0524139404297,150.10763549804688,137.2020721435547,G5056
2005-12-18,2005-12-18,94.914604,82.79541,71.17026,150.0524139404297,142.44142150878906,118.40445709228516,G5056
2005-12-21,2005-12-21,82.26939,73.38591,64.140305,136.46556091308594,117.89240264892578,95.83804321289062,G5056
2005-12-25,2005-12-25,70.07776,63.90091,57.16923,117.78166961669922,100.46012115478516,83.1138916015625,G5056
2005-12-28,2005-12-28,63.022327,58.474266,53.83788,94.91460418701172,82.79541015625,71.17025756835938,G5056
2006-01-02,2006-01-02,55.13317,52.201378,47.791172,82.2693862915039,73.38591003417969,64.14030456542969,G5056
2006-01-05,2006-01-05,52.111904,48.840603,44.38493,70.0777587890625,63.900909423828125,57.16923141479492,G5056
2006-01-09,2006-01-09,47.61538,44.362656,40.351856,63.0223274230957,58.474266052246094,53.8378791809082,G5056
2006-01-12,2006-01-12,44.30085,41.28826,37.4595,55.13317108154297,52.201377868652344,47.79117202758789,G5056
2006-01-16,2006-01-16,40.162403,37.306843,34.291653,52.11190414428711,48.84060287475586,44.38492965698242,G5056
2006-01-19,2006-01-19,37.281822,34.93416,32.73651,47.615379333496094,44.36265563964844,40.35185623168945,G5056
2006-01-23,2006-01-23,34.21481,32.685593,31.795929,44.30084991455078,41.28826141357422,42.42667007446289,G5056
2006-01-26,2006-01-26,32.663612,31.793476,32.70666,40.16240310668945,42.3393440246582,44.390281677246094,G5056
2006-01-30,2006-01-30,31.69937,32.7073,37.91641,42.29055404663086,44.39271545410156,44.390281677246094,G5056
2006-02-02,2006-02-02,32.669502,36.234093,42.42667,44.28694534301758,44.39271545410156,44.390281677246094,G5056
2006-02-06,2006-02-06,37.744865,42.339344,44.39028,44.28694534301758,44.39271545410156,44.390281677246094,G5056
2006-02-09,2006-02-09,42.290554,44.392715,42.755566,44.28694534301758,44.39271545410156,44.390281677246094,G5056
2006-02-13,2006-02-13,44.286945,42.738113,38.75954,44.28694534301758,44.39271545410156,44.390281677246094,G5056
2006-02-16,2006-02-16,42.667007,39.793953,36.096176,44.28694534301758,44.39271545410156,44.390281677246094,G5056
2006-02-20,2006-02-20,38.68194,36.10476,33.764534,44.28694534301758,44.39271545410156,43.066680908203125,G5056
2006-02-23,2006-02-23,36.08805,34.227554,32.654182,44.28694534301758,42.73811340332031,61.734107971191406,G5056
2006-02-27,2006-02-27,33.741238,32.68319,33.46522,42.66700744628906,57.51183319091797,66.31349182128906,G5056
2006-03-02,2006-03-02,32.648705,32.347336,43.06668,60.82752990722656,65.26421356201172,66.31349182128906,G5056
2006-03-06,2006-03-06,33.02219,42.39614,61.734108,65.16217803955078,65.26421356201172,66.31349182128906,G5056
2006-03-09,2006-03-09,42.45423,57.511833,66.31349,65.16217803955078,65.26421356201172,66.31349182128906,G5056
2006-03-13,2006-03-13,60.82753,65.26421,58.569508,65.16217803955078,65.26421356201172,66.31349182128906,G5056
2006-03-16,2006-03-16,65.16218,60.66112,50.33427,65.16217803955078,65.26421356201172,66.31349182128906,G5056
2006-03-20,2006-03-20,57.477097,49.555206,39.291805,65.16217803955078,65.26421356201172,66.31349182128906,G5056
2006-03-23,2006-03-23,49.214752,41.31999,36.377018,65.16217803955078,65.26421356201172,70.19239044189453,G5056
2006-03-27,2006-03-27,39.080166,36.031227,39.325356,65.16217803955078,66.42936706542969,74.62260437011719,G5056
2006-03-30,2006-03-30,35.516453,37.01755,48.90062,70.00251770019531,73.5880126953125,76.17202758789062,G5056
2006-04-03,2006-04-03,39.112785,50.181633,70.19239,73.57715606689453,76.06049346923828,82.4887924194336,G5056
2006-04-06,2006-04-06,50.277885,66.42937,74.622604,73.57715606689453,80.70484924316406,89.93328094482422,G5056
2006-04-10,2006-04-10,70.00252,73.58801,76.17203,78.3366470336914,83.61727905273438,106.52286529541016,G5056
2006-04-13,2006-04-13,73.577156,76.06049,82.48879,85.59243774414062,103.75099182128906,146.94264221191406,G5056
2006-04-17,2006-04-17,72.77697,80.70485,89.93328,102.181396484375,133.69906616210938,149.02493286132812,G5056
2006-04-20,2006-04-20,78.33665,83.61728,106.522865,142.5292205810547,158.45391845703125,173.65016174316406,G5056
2006-04-24,2006-04-24,85.59244,103.75099,146.94264,157.77574157714844,169.46905517578125,191.52273559570312,G5056
2006-04-27,2006-04-27,102.1814,133.69907,149.02493,166.61285400390625,194.4774169921875,235.86537170410156,G5056
2006-05-01,2006-05-01,142.52922,158.45392,173.65016,188.8824462890625,225.7833709716797,263.20098876953125,G5056
2006-05-04,2006-05-04,157.77574,169.46906,191.52274,234.7657928466797,269.16619873046875,310.0115661621094,G5056
2006-05-08,2006-05-08,166.61285,194.47742,235.86537,261.9859313964844,289.7342224121094,359.40753173828125,G5056
2006-05-11,2006-05-11,188.88245,225.78337,263.201,304.16070556640625,359.2021789550781,359.40753173828125,G5056
2006-05-15,2006-05-15,234.7658,269.1662,310.01157,354.71923828125,359.2021789550781,359.40753173828125,G5056
2006-05-18,2006-05-18,261.98593,289.73422,359.40753,354.71923828125,359.2021789550781,359.40753173828125,G5056
2006-05-22,2006-05-22,304.1607,359.20218,327.38507,354.71923828125,359.2021789550781,359.40753173828125,G5056
2006-05-25,2006-05-25,354.71924,351.88962,313.02914,354.71923828125,359.2021789550781,359.40753173828125,G5056
2006-05-29,2006-05-29,329.58777,310.19928,276.242,354.71923828125,359.2021789550781,359.40753173828125,G5056
2006-06-01,2006-06-01,300.5972,271.2487,247.2772,354.71923828125,359.2021789550781,327.38507080078125,G5056
2006-06-05,2006-06-05,265.6557,249.93474,234.7901,354.71923828125,351.8896179199219,313.0291442871094,G5056
2006-06-08,2006-06-08,244.6331,227.76491,221.5639,329.5877685546875,310.19927978515625,276.24200439453125,G5056
2006-06-12,2006-06-12,221.71924,228.20296,207.38507,300.5971984863281,271.2486877441406,247.27720642089844,G5056
2006-06-15,2006-06-15,226.90878,211.37973,191.14221,265.65570068359375,249.9347381591797,234.79010009765625,G5056
2006-06-19,2006-06-19,202.59456,190.28171,182.90384,244.6331024169922,228.2029571533203,221.56390380859375,G5056
2006-06-22,2006-06-22,185.42447,175.16165,178.37401,226.90878295898438,228.2029571533203,207.38507080078125,G5056
2006-06-26,2006-06-26,171.99545,186.64049,185.74377,226.90878295898438,211.37973022460938,191.1422119140625,G5056
2006-06-29,2006-06-29,170.65056,176.3285,166.37833,202.5945587158203,190.28170776367188,190.43775939941406,G5056
2006-07-03,2006-07-03,162.80464,167.69194,190.43776,186.61892700195312,186.64048767089844,190.43775939941406,G5056
2006-07-06,2006-07-06,158.9125,184.56165,184.18263,186.61892700195312,186.64048767089844,190.43775939941406,G5056
2006-07-10,2006-07-10,186.61893,170.39232,144.34673,186.61892700195312,184.5616455078125,197.692626953125,G5056
2006-07-13,2006-07-13,164.5423,145.4754,149.51918,186.61892700195312,186.2099609375,199.8802032470703,G5056
2006-07-17,2006-07-17,136.81697,139.24677,179.0801,186.61892700195312,186.2099609375,199.8802032470703,G5056
2006-07-20,2006-07-20,141.33727,175.21634,197.69263,186.61892700195312,186.2099609375,199.8802032470703,G5056
2006-07-24,2006-07-24,175.72522,186.20996,199.8802,183.91551208496094,186.2099609375,213.22784423828125,G5056
2006-07-27,2006-07-27,183.91551,183.64331,183.70868,183.91551208496094,191.9203338623047,213.22784423828125,G5056
2006-07-31,2006-07-31,169.3811,157.54799,197.794,190.11495971679688,191.9203338623047,232.66734313964844,G5056
2006-08-03,2006-08-03,149.5873,173.46408,213.22784,190.11495971679688,192.74891662597656,232.66734313964844,G5056
2006-08-07,2006-08-07,169.27359,191.92033,184.24045,197.45916748046875,212.8927459716797,232.66734313964844,G5056
2006-08-10,2006-08-10,190.11496,175.68472,232.66734,212.1890411376953,212.8927459716797,232.66734313964844,G5056
2006-08-14,2006-08-14,172.30637,192.74892,219.24973,212.1890411376953,212.8927459716797,232.66734313964844,G5056
2006-08-17,2006-08-17,197.45917,212.89275,197.43849,212.1890411376953,212.8927459716797,232.66734313964844,G5056
2006-08-21,2006-08-21,212.18904,187.36807,157.50652,212.1890411376953,212.8927459716797,232.66734313964844,G5056
2006-08-24,2006-08-24,181.11258,166.2175,164.5767,212.1890411376953,212.8927459716797,219.24972534179688,G5056
2006-08-28,2006-08-28,143.23787,128.52025,150.7221,212.1890411376953,212.8927459716797,197.43849182128906,G5056
2006-08-31,2006-08-31,120.65369,119.99066,161.84657,212.1890411376953,187.36807250976562,178.960693359375,G5056
2006-09-04,2006-09-04,133.46458,154.52563,178.9607,181.11257934570312,166.21749877929688,178.960693359375,G5056
2006-09-07,2006-09-07,151.15944,165.53046,162.62808,164.43215942382812,165.53045654296875,178.960693359375,G5056
2006-09-11,2006-09-11,164.43216,154.79686,129.49998,164.43215942382812,165.53045654296875,178.960693359375,G5056
2006-09-14,2006-09-14,146.1418,129.34761,114.123314,164.43215942382812,165.53045654296875,178.960693359375,G5056
2006-09-18,2006-09-18,119.83884,111.784035,112.78806,164.43215942382812,165.53045654296875,162.62808227539062,G5056
2006-09-21,2006-09-21,105.80938,102.74393,93.626434,164.43215942382812,154.79685974121094,129.49998474121094,G5056
2006-09-25,2006-09-25,97.73956,93.09598,101.05046,146.1417999267578,129.3476104736328,123.03487396240234,G5056
2006-09-28,2006-09-28,88.17212,90.38458,118.057106,119.83883666992188,116.26961517333984,123.03487396240234,G5056
2006-10-02,2006-10-02,90.591896,111.33752,123.034874,110.13882446289062,116.26961517333984,149.43136596679688,G5056
2006-10-05,2006-10-05,110.138824,116.269615,115.51237,110.13882446289062,139.92581176757812,184.4237518310547,G5056
2006-10-09,2006-10-09,105.750244,101.19004,116.908455,130.7543487548828,168.2529754638672,184.4237518310547,G5056
2006-10-12,2006-10-12,92.503685,95.39098,149.43137,171.30503845214844,173.48800659179688,184.4237518310547,G5056
2006-10-16,2006-10-16,97.103584,139.92581,184.42375,171.35325622558594,173.48800659179688,238.26046752929688,G5056
2006-10-19,2006-10-19,130.75435,168.25298,176.11623,171.35325622558594,216.2039794921875,357.83331298828125,G5056
2006-10-23,2006-10-23,171.30504,173.488,161.35353,212.349853515625,336.530517578125,357.83331298828125,G5056
2006-10-26,2006-10-26,171.35326,160.52806,238.26047,349.2893371582031,343.3902587890625,357.83331298828125,G5056
2006-10-30,2006-10-30,152.5532,216.20398,357.8333,349.2893371582031,343.3902587890625,357.83331298828125,G5056
2006-11-02,2006-11-02,212.34985,336.53052,339.18042,349.2893371582031,343.3902587890625,357.83331298828125,G5056
2006-11-06,2006-11-06,349.28934,343.39026,340.95706,349.2893371582031,343.3902587890625,363.33331298828125,G5056
2006-11-09,2006-11-09,342.50528,337.64227,325.2735,349.2893371582031,343.3902587890625,363.33331298828125,G5056
2006-11-13,2006-11-13,331.0568,318.5436,342.17044,349.2893371582031,343.3902587890625,363.33331298828125,G5056
2006-11-16,2006-11-16,311.93686,308.75665,363.3333,349.2893371582031,343.3902587890625,363.33331298828125,G5056
2006-11-20,2006-11-20,307.37817,334.5394,336.5306,342.5052795410156,337.64227294921875,363.33331298828125,G5056
2006-11-23,2006-11-23,329.60617,330.92606,308.43536,331.0567932128906,334.5393981933594,363.33331298828125,G5056
2006-11-27,2006-11-27,318.69492,298.24405,297.23416,329.6061706542969,334.5393981933594,363.33331298828125,G5056
2006-11-30,2006-11-30,293.89062,292.39236,284.81906,329.6061706542969,334.5393981933594,336.5306091308594,G5056
2006-12-04,2006-12-04,289.29922,281.20395,256.38733,329.6061706542969,330.9260559082031,308.43536376953125,G5056
2006-12-07,2006-12-07,280.22577,261.2665,250.357,318.6949157714844,303.7107849121094,305.73712158203125,G5056
2006-12-11,2006-12-11,253.49767,246.82996,293.95853,302.2919006347656,303.7107849121094,305.73712158203125,G5056
2006-12-14,2006-12-14,245.26076,276.86243,305.73712,302.2919006347656,303.7107849121094,305.73712158203125,G5056
2006-12-18,2006-12-18,290.12296,303.7108,262.18378,302.2919006347656,303.7107849121094,305.73712158203125,G5056
2006-12-21,2006-12-21,302.2919,272.33994,234.11194,302.2919006347656,303.7107849121094,305.73712158203125,G5056
2006-12-25,2006-12-25,258.68628,232.03125,210.19025,302.2919006347656,303.7107849121094,305.73712158203125,G5056
2006-12-28,2006-12-28,230.69038,213.37915,197.3461,302.2919006347656,303.7107849121094,262.18377685546875,G5056
2007-01-02,2007-01-02,203.64594,190.96729,171.3848,302.2919006347656,272.3399353027344,234.1119384765625,G5056
2007-01-05,2007-01-05,190.74167,175.45631,168.16629,258.686279296875,232.03125,210.19024658203125,G5056
2007-01-09,2007-01-09,170.66295,167.05879,178.79585,230.6903839111328,213.379150390625,197.34609985351562,G5056
2007-01-12,2007-01-12,166.63385,175.26117,177.15575,203.64593505859375,190.96728515625,178.7958526611328,G5056
2007-01-16,2007-01-16,177.972,176.84637,153.1521,190.74166870117188,176.84637451171875,178.7958526611328,G5056
2007-01-19,2007-01-19,176.65419,160.19328,131.56369,177.9720001220703,176.84637451171875,178.7958526611328,G5056
2007-01-23,2007-01-23,152.55617,131.16696,110.9936,177.9720001220703,176.84637451171875,177.15574645996094,G5056
2007-01-26,2007-01-26,130.96576,114.60273,104.57919,177.9720001220703,176.84637451171875,153.152099609375,G5056
2007-01-30,2007-01-30,110.54506,104.47567,102.71418,176.65419006347656,160.1932830810547,131.56369018554688,G5056
2007-02-02,2007-02-02,104.18023,102.8115,100.76162,152.55616760253906,131.16696166992188,110.99359893798828,G5056
2007-02-06,2007-02-06,102.33712,100.533104,94.553474,130.96575927734375,114.60272979736328,104.57919311523438,G5056
2007-02-09,2007-02-09,100.36628,96.41109,88.62884,110.54505920410156,104.47566986083984,102.71417999267578,G5056
2007-02-13,2007-02-13,94.27204,88.52724,85.20995,104.18022918701172,102.8115005493164,100.7616195678711,G5056
2007-02-16,2007-02-16,88.21135,84.88453,89.39762,102.33712005615234,100.5331039428711,96.66443634033203,G5056
2007-02-20,2007-02-20,84.7728,89.40753,96.66444,100.36627960205078,96.41108703613281,96.66443634033203,G5056
2007-02-23,2007-02-23,89.32276,95.71873,94.21055,96.3978271484375,95.7187271118164,96.66443634033203,G5056
2007-02-27,2007-02-27,96.39783,93.70393,79.423615,96.3978271484375,95.7187271118164,96.66443634033203,G5056
2007-03-02,2007-03-02,92.89458,82.321815,69.27465,96.3978271484375,95.7187271118164,96.66443634033203,G5056
2007-03-06,2007-03-06,77.968315,68.669846,57.46593,96.3978271484375,95.7187271118164,94.2105484008789,G5056
2007-03-09,2007-03-09,69.28458,60.34335,51.618385,96.3978271484375,93.70393371582031,79.42361450195312,G5056
2007-03-13,2007-03-13,57.110374,50.828384,44.123165,92.89457702636719,82.32181549072266,69.27465057373047,G5056
2007-03-16,2007-03-16,50.39993,46.17648,39.63851,77.96831512451172,68.66984558105469,57.4659309387207,G5056
2007-03-20,2007-03-20,42.851727,38.302475,32.85543,69.28457641601562,60.34334945678711,51.618385314941406,G5056
2007-03-23,2007-03-23,38.04631,33.51278,29.128342,57.110374450683594,50.82838439941406,44.123165130615234,G5056
2007-03-27,2007-03-27,31.924358,30.097118,24.959293,50.39992904663086,46.17647933959961,39.638511657714844,G5056
2007-03-30,2007-03-30,29.577759,26.80846,22.016674,42.85172653198242,38.30247497558594,36.70305252075195,G5056
2007-04-03,2007-04-03,23.17724,20.94382,24.066204,38.04631042480469,34.18287658691406,41.70254898071289,G5056
2007-04-06,2007-04-06,18.966743,20.730734,27.199497,37.14476776123047,42.13938903808594,50.025062561035156,G5056
2007-04-10,2007-04-10,19.003157,26.148092,36.703053,40.6056022644043,45.83047866821289,66.27906799316406,G5056
2007-04-13,2007-04-13,24.985838,34.182877,41.70255,48.88322830200195,66.93829345703125,87.65522003173828,G5056
2007-04-17,2007-04-17,37.144768,42.13939,50.025063,65.74623107910156,87.69181060791016,87.65522003173828,G5056
2007-04-20,2007-04-20,40.605602,45.83048,66.27907,86.71145629882812,87.69181060791016,108.98857879638672,G5056
2007-04-24,2007-04-24,48.88323,66.93829,87.65522,86.71145629882812,91.46705627441406,162.3151092529297,G5056
2007-04-27,2007-04-27,65.74623,87.69181,81.83501,100.0648422241211,152.31642150878906,166.9011688232422,G5056
2007-05-01,2007-05-01,86.71146,76.109634,108.98858,142.66273498535156,160.87986755371094,166.9011688232422,G5056
2007-05-04,2007-05-04,73.76629,91.46706,162.31511,156.60166931152344,160.87986755371094,166.9011688232422,G5056
2007-05-08,2007-05-08,100.06484,152.31642,166.90117,156.60166931152344,160.87986755371094,166.9011688232422,G5056
2007-05-11,2007-05-11,142.66273,160.87987,158.3161,156.60166931152344,160.87986755371094,226.86473083496094,G5056
2007-05-15,2007-05-15,156.60167,154.00027,151.947,156.60166931152344,202.63302612304688,238.95591735839844,G5056
2007-05-18,2007-05-18,153.98366,144.92789,157.45805,213.96044921875,233.66961669921875,238.95591735839844,G5056
2007-05-22,2007-05-22,141.28406,153.89024,226.86473,236.95095825195312,233.66961669921875,238.95591735839844,G5056
2007-05-25,2007-05-25,149.79259,202.63303,238.95592,236.95095825195312,233.66961669921875,238.95591735839844,G5056
2007-05-29,2007-05-29,213.96045,233.66962,229.60547,236.95095825195312,233.66961669921875,238.95591735839844,G5056
2007-06-01,2007-06-01,236.95096,230.58745,214.69426,236.95095825195312,233.66961669921875,238.95591735839844,G5056
2007-06-05,2007-06-05,219.93817,222.95041,224.84514,236.95095825195312,233.66961669921875,267.087890625,G5056
2007-06-08,2007-06-08,216.12433,209.3401,224.3386,236.95095825195312,260.5523376464844,322.29119873046875,G5056
2007-06-12,2007-06-12,205.60551,213.25977,231.6713,251.5167236328125,301.0500183105469,338.642578125,G5056
2007-06-15,2007-06-15,211.97517,224.74802,267.0879,293.44183349609375,323.6637878417969,338.642578125,G5056
2007-06-19,2007-06-19,219.9658,260.55234,322.2912,328.7564392089844,323.6637878417969,338.642578125,G5056
2007-06-22,2007-06-22,251.51672,301.05002,338.64258,328.7564392089844,323.6637878417969,338.642578125,G5056
2007-06-26,2007-06-26,293.44183,323.6638,314.98434,328.7564392089844,323.6637878417969,338.642578125,G5056
2007-06-29,2007-06-29,328.75644,320.22534,279.0985,328.7564392089844,323.6637878417969,338.642578125,G5056
2007-07-03,2007-07-03,304.7818,282.44345,230.68056,328.7564392089844,323.6637878417969,338.642578125,G5056
2007-07-06,2007-07-06,284.62744,235.26584,209.66629,328.7564392089844,323.6637878417969,314.9843444824219,G5056
2007-07-10,2007-07-10,223.05118,215.76276,235.41042,328.7564392089844,320.225341796875,279.0985107421875,G5056
2007-07-13,2007-07-13,210.42577,216.98273,212.18394,304.78179931640625,282.4434509277344,235.41041564941406,G5056
2007-07-17,2007-07-17,223.63155,217.88869,164.58359,284.62744140625,235.26583862304688,235.41041564941406,G5056
2007-07-20,2007-07-20,213.221,174.60785,136.52684,223.6315460205078,217.88868713378906,235.41041564941406,G5056
2007-07-24,2007-07-24,160.25475,138.23659,120.36344,223.6315460205078,217.88868713378906,212.18394470214844,G5056
2007-07-27,2007-07-27,130.77896,112.376915,108.48043,223.6315460205078,217.88868713378906,164.58358764648438,G5056
2007-07-31,2007-07-31,109.355774,105.52969,108.89628,213.2209930419922,174.60784912109375,156.0485076904297,G5056
2007-08-03,2007-08-03,99.72349,89.03568,90.64192,160.25474548339844,138.23658752441406,156.0485076904297,G5056
2007-08-07,2007-08-07,82.13293,91.44706,146.78278,130.77896118164062,136.57249450683594,156.0485076904297,G5056
2007-08-10,2007-08-10,87.147736,125.69657,156.04851,128.8088836669922,136.57249450683594,156.09347534179688,G5056
2007-08-14,2007-08-14,112.728546,135.9481,150.1376,128.8088836669922,136.57249450683594,170.52334594726562,G5056
2007-08-17,2007-08-17,128.80888,136.5725,146.65642,134.04014587402344,161.7365264892578,182.59613037109375,G5056
2007-08-21,2007-08-21,124.3185,121.94198,156.09348,149.8392791748047,165.0004119873047,182.59613037109375,G5056
2007-08-24,2007-08-24,120.77491,134.85077,170.52335,163.67420959472656,177.27964782714844,182.59613037109375,G5056
2007-08-28,2007-08-28,134.04015,161.73653,182.59613,166.6796417236328,177.27964782714844,195.6554718017578,G5056
2007-08-31,2007-08-31,149.83928,165.00041,180.35452,166.6796417236328,177.27964782714844,211.0673065185547,G5056
2007-09-04,2007-09-04,163.67421,177.27965,180.84889,166.6796417236328,192.67160034179688,225.67041015625,G5056
2007-09-07,2007-09-07,166.67964,172.53516,195.65547,183.51211547851562,207.58299255371094,225.67041015625,G5056
2007-09-11,2007-09-11,158.94527,169.03052,211.0673,199.0670928955078,211.7615966796875,225.67041015625,G5056
2007-09-14,2007-09-14,164.14543,192.6716,225.67041,199.6396484375,211.7615966796875,225.67041015625,G5056
2007-09-18,2007-09-18,183.51212,207.583,222.99014,199.6396484375,211.7615966796875,225.67041015625,G5056
2007-09-21,2007-09-21,199.0671,211.7616,217.50333,199.6396484375,211.7615966796875,225.67041015625,G5056
2007-09-25,2007-09-25,199.63965,205.69765,185.84581,199.6396484375,211.7615966796875,225.67041015625,G5056
2007-09-28,2007-09-28,192.10973,177.594,187.88687,199.6396484375,211.7615966796875,225.11029052734375,G5056
2007-10-02,2007-10-02,166.38176,173.26935,201.5113,199.6396484375,215.67616271972656,324.19281005859375,G5056
2007-10-05,2007-10-05,171.87233,184.15802,202.96692,219.0419921875,324.60797119140625,390.86810302734375,G5056
2007-10-09,2007-10-09,187.42732,200.02237,225.11029,313.8044128417969,403.1581115722656,390.86810302734375,G5056
2007-10-12,2007-10-12,196.36307,215.67616,324.1928,384.7852783203125,403.1581115722656,390.86810302734375,G5056
2007-10-16,2007-10-16,219.04199,324.60797,390.8681,384.7852783203125,403.1581115722656,390.86810302734375,G5056
2007-10-19,2007-10-19,313.8044,403.1581,293.99097,384.7852783203125,403.1581115722656,390.86810302734375,G5056
2007-10-23,2007-10-23,384.78528,289.24014,212.52309,384.7852783203125,403.1581115722656,390.86810302734375,G5056
2007-10-26,2007-10-26,286.87503,221.15016,216.98788,384.7852783203125,403.1581115722656,390.86810302734375,G5056
2007-10-30,2007-10-30,204.96988,210.69858,225.85974,384.7852783203125,403.1581115722656,293.990966796875,G5056
2007-11-02,2007-11-02,204.94395,225.05962,204.38518,384.7852783203125,289.2401428222656,243.26405334472656,G5056
2007-11-06,2007-11-06,220.54561,200.26965,180.64845,286.8750305175781,225.0596160888672,263.8806457519531,G5056
2007-11-09,2007-11-09,198.09583,183.71478,189.4678,233.26437377929688,260.00213623046875,263.8806457519531,G5056
2007-11-13,2007-11-13,173.44162,181.0148,243.26405,257.3872375488281,260.00213623046875,263.8806457519531,G5056
2007-11-16,2007-11-16,176.91156,217.95648,263.88065,257.3872375488281,260.00213623046875,263.8806457519531,G5056
2007-11-20,2007-11-20,233.26437,260.00214,260.93085,257.3872375488281,260.00213623046875,263.8806457519531,G5056
2007-11-23,2007-11-23,257.38724,257.5363,243.7206,257.3872375488281,260.00213623046875,263.8806457519531,G5056
2007-11-27,2007-11-27,250.99277,238.57817,232.97452,257.3872375488281,260.00213623046875,263.8806457519531,G5056
2007-11-30,2007-11-30,234.51466,225.51453,239.80855,257.3872375488281,260.00213623046875,260.93084716796875,G5056
2007-12-04,2007-12-04,226.29677,236.92883,217.72942,257.3872375488281,257.5362854003906,243.72059631347656,G5056
2007-12-07,2007-12-07,236.03966,224.14963,193.61945,250.99276733398438,238.5781707763672,239.8085479736328,G5056
2007-12-11,2007-12-11,214.96986,192.15709,177.77142,236.03965759277344,236.9288330078125,239.8085479736328,G5056
2007-12-14,2007-12-14,191.25772,179.35944,166.90019,236.03965759277344,236.9288330078125,217.7294158935547,G5056
2007-12-18,2007-12-18,176.26207,166.66272,146.13359,236.03965759277344,224.14962768554688,193.61944580078125,G5056
2007-12-21,2007-12-21,165.15762,150.42737,129.91893,214.96986389160156,192.15708923339844,177.77142333984375,G5056
2007-12-25,2007-12-25,143.74498,129.16992,112.40885,191.25772094726562,179.35943603515625,166.9001922607422,G5056
2007-12-28,2007-12-28,128.29482,115.92956,101.91682,176.26206970214844,166.6627197265625,146.1335906982422,G5056
2008-01-02,2008-01-02,108.24955,98.56509,86.245155,165.15762329101562,150.4273681640625,129.91893005371094,G5056
2008-01-05,2008-01-05,98.42168,89.019554,78.119415,143.74497985839844,129.169921875,112.40885162353516,G5056
2008-01-09,2008-01-09,85.87675,78.028915,69.356,128.29481506347656,115.92955780029297,101.91681671142578,G5056
2008-01-12,2008-01-12,77.982,71.42166,64.51851,108.24954986572266,98.5650863647461,86.24515533447266,G5056
2008-01-16,2008-01-16,69.276184,64.31545,59.283993,98.42167663574219,89.0195541381836,78.11941528320312,G5056
2008-01-19,2008-01-19,64.21244,60.299305,55.87241,85.87674713134766,78.02891540527344,93.46204376220703,G5056
2008-01-23,2008-01-23,58.977005,55.63048,53.45365,77.98200225830078,84.0765380859375,110.19444274902344,G5056
2008-01-26,2008-01-26,55.488583,53.170444,60.56173,93.29444885253906,110.16249084472656,110.19444274902344,G5056
2008-01-30,2008-01-30,52.93618,60.230618,93.46204,110.04378509521484,110.16249084472656,110.19444274902344,G5056
2008-02-02,2008-02-02,60.095367,84.07654,110.19444,110.04378509521484,110.16249084472656,110.19444274902344,G5056
2008-02-06,2008-02-06,93.29445,110.16249,103.60204,110.04378509521484,110.16249084472656,110.19444274902344,G5056
2008-02-09,2008-02-09,110.043785,107.282875,90.47307,110.04378509521484,110.16249084472656,110.19444274902344,G5056
2008-02-13,2008-02-13,103.343376,90.2492,73.73267,110.04378509521484,110.16249084472656,110.19444274902344,G5056
2008-02-16,2008-02-16,90.08537,77.44956,64.35502,110.04378509521484,110.16249084472656,103.60204315185547,G5056
2008-02-20,2008-02-20,73.548485,64.33021,57.18759,110.04378509521484,107.28287506103516,90.47306823730469,G5056
2008-02-23,2008-02-23,64.20524,58.438667,53.75907,103.34337615966797,90.24919891357422,73.73267364501953,G5056
2008-02-27,2008-02-27,56.9905,53.660694,46.97349,90.08537292480469,77.4495620727539,64.35501861572266,G5056
2008-03-02,2008-03-02,52.260212,47.29538,41.086967,73.5484848022461,64.33020782470703,57.187591552734375,G5056
2008-03-06,2008-03-06,45.322987,40.68244,34.95572,64.20523834228516,58.43866729736328,53.759071350097656,G5056
2008-03-09,2008-03-09,40.66135,36.12427,31.636404,56.990501403808594,53.66069412231445,46.97349166870117,G5056
2008-03-13,2008-03-13,34.685158,31.708315,30.02942,52.26021194458008,47.295379638671875,41.08696746826172,G5056
2008-03-16,2008-03-16,31.530018,29.670523,29.35122,45.3229866027832,40.68244171142578,39.637882232666016,G5056
2008-03-20,2008-03-20,28.822235,28.73882,30.79566,40.66135025024414,38.25112533569336,42.67096710205078,G5056
2008-03-23,2008-03-23,28.81882,30.285595,34.7332,35.91905975341797,39.710227966308594,50.92330551147461,G5056
2008-03-27,2008-03-27,31.006239,34.621716,39.637882,36.34834671020508,42.435977935791016,96.00406646728516,G5056
2008-03-30,2008-03-30,34.68188,38.251125,42.670967,45.383907318115234,93.81483459472656,167.7527618408203,G5056
2008-04-03,2008-04-03,35.91906,39.710228,50.923306,91.18431854248047,156.05348205566406,167.7527618408203,G5056
2008-04-06,2008-04-06,36.348347,42.435978,96.00407,161.69155883789062,161.12188720703125,167.7527618408203,G5056
2008-04-10,2008-04-10,45.383907,93.814835,167.75276,161.69155883789062,161.12188720703125,167.7527618408203,G5056
2008-04-13,2008-04-13,91.18432,156.05348,166.01236,161.69155883789062,161.12188720703125,167.7527618408203,G5056
2008-04-17,2008-04-17,161.69156,161.12189,155.8994,161.69155883789062,161.12188720703125,174.25901794433594,G5056
2008-04-20,2008-04-20,160.03548,155.13356,152.40099,161.69155883789062,172.233154296875,200.50465393066406,G5056
2008-04-24,2008-04-24,152.99512,154.22758,158.84871,162.61196899414062,194.789794921875,200.50465393066406,G5056
2008-04-27,2008-04-27,150.6312,155.81982,174.25902,196.98220825195312,194.789794921875,228.06919860839844,G5056
2008-05-01,2008-05-01,155.40388,172.23315,200.50465,196.98220825195312,211.42709350585938,264.7885437011719,G5056
2008-05-04,2008-05-04,162.61197,194.7898,196.02477,219.31031799316406,254.63241577148438,264.7885437011719,G5056
2008-05-08,2008-05-08,196.98221,192.72653,228.0692,247.59744262695312,254.63241577148438,264.7885437011719,G5056
2008-05-11,2008-05-11,192.69083,211.4271,264.78854,247.59744262695312,254.63241577148438,264.7885437011719,G5056
2008-05-15,2008-05-15,219.31032,254.63242,244.0553,247.59744262695312,254.63241577148438,264.7885437011719,G5056
2008-05-18,2008-05-18,247.59744,246.89023,238.28436,247.59744262695312,254.63241577148438,264.7885437011719,G5056
2008-05-22,2008-05-22,238.96852,237.87857,234.22571,247.59744262695312,254.63241577148438,264.7885437011719,G5056
2008-05-25,2008-05-25,233.66605,235.23857,228.87144,247.59744262695312,254.63241577148438,244.0552978515625,G5056
2008-05-29,2008-05-29,226.51843,227.23238,236.75456,247.59744262695312,246.89022827148438,238.28436279296875,G5056
2008-06-01,2008-06-01,224.6911,240.02257,233.2165,238.96852111816406,240.02256774902344,236.7545623779297,G5056
2008-06-05,2008-06-05,238.14844,225.60591,202.61948,238.1484375,240.02256774902344,236.7545623779297,G5056
2008-06-08,2008-06-08,223.84119,212.20653,191.21288,238.1484375,240.02256774902344,236.7545623779297,G5056
2008-06-12,2008-06-12,201.54884,189.14302,189.34671,238.1484375,240.02256774902344,233.2165069580078,G5056
2008-06-15,2008-06-15,183.47041,182.83223,202.31665,238.1484375,225.6059112548828,202.61947631835938,G5056
2008-06-19,2008-06-19,174.75072,196.72098,194.88638,223.8411865234375,212.20652770996094,202.316650390625,G5056
2008-06-22,2008-06-22,191.00804,194.77136,172.70998,201.54884338378906,196.72097778320312,202.316650390625,G5056
2008-06-26,2008-06-26,180.08618,167.13495,136.3345,191.00804138183594,196.72097778320312,202.316650390625,G5056
2008-06-29,2008-06-29,160.77951,142.22292,122.92551,191.00804138183594,196.72097778320312,194.88638305664062,G5056
2008-07-03,2008-07-03,126.30286,128.54388,111.80779,191.00804138183594,194.7713623046875,172.70997619628906,G5056
2008-07-06,2008-07-06,119.33534,114.18009,109.71145,180.086181640625,167.13494873046875,248.4495086669922,G5056
2008-07-10,2008-07-10,102.497055,114.90572,115.749176,160.77951049804688,213.71571350097656,248.4495086669922,G5056
2008-07-13,2008-07-13,105.12773,98.263115,134.97243,224.18557739257812,247.12686157226562,248.4495086669922,G5056
2008-07-17,2008-07-17,97.94244,134.88632,248.44951,245.40963745117188,247.12686157226562,248.4495086669922,G5056
2008-07-20,2008-07-20,131.17036,213.71571,246.15059,245.40963745117188,247.12686157226562,248.4495086669922,G5056
2008-07-24,2008-07-24,224.18558,247.12686,219.96295,245.40963745117188,247.12686157226562,248.4495086669922,G5056
2008-07-27,2008-07-27,245.40964,224.76833,218.6349,245.40963745117188,247.12686157226562,248.4495086669922,G5056
2008-07-31,2008-07-31,229.39972,215.93881,216.08849,245.40963745117188,247.12686157226562,246.1505889892578,G5056
2008-08-03,2008-08-03,208.05278,206.14719,200.49838,245.40963745117188,247.12686157226562,219.96295166015625,G5056
2008-08-07,2008-08-07,202.28761,198.1453,196.34286,245.40963745117188,224.76832580566406,218.63490295410156,G5056
2008-08-10,2008-08-10,193.30801,200.31145,216.9326,229.39971923828125,215.93881225585938,216.93260192871094,G5056
2008-08-14,2008-08-14,187.35098,197.545,197.83363,208.0527801513672,206.14718627929688,216.93260192871094,G5056
2008-08-17,2008-08-17,195.35373,201.15569,179.46838,202.28761291503906,201.1556854248047,216.93260192871094,G5056
2008-08-21,2008-08-21,184.31587,174.15016,172.95468,195.35372924804688,201.1556854248047,216.93260192871094,G5056
2008-08-24,2008-08-24,169.06567,162.67386,183.40125,195.35372924804688,201.1556854248047,197.83363342285156,G5056
2008-08-28,2008-08-28,154.7593,162.40968,180.28401,195.35372924804688,201.1556854248047,183.4012451171875,G5056
2008-08-31,2008-08-31,163.32307,182.22878,178.52681,184.3158721923828,182.22877502441406,183.4012451171875,G5056
2008-09-04,2008-09-04,173.56253,162.27864,171.81084,173.56253051757812,182.22877502441406,183.4012451171875,G5056
2008-09-07,2008-09-07,166.9199,175.26529,180.43245,173.56253051757812,182.22877502441406,195.75552368164062,G5056
2008-09-11,2008-09-11,165.78691,181.5712,182.21175,173.56253051757812,182.22877502441406,214.65081787109375,G5056
2008-09-14,2008-09-14,168.15933,165.98337,171.29352,173.56253051757812,199.08883666992188,221.10939025878906,G5056
2008-09-18,2008-09-18,159.35715,161.8715,195.75552,183.0975341796875,199.08883666992188,221.10939025878906,G5056
2008-09-21,2008-09-21,158.41365,176.13394,214.65082,200.87965393066406,209.65362548828125,221.10939025878906,G5056
2008-09-25,2008-09-25,167.57495,199.08884,221.10939,203.36338806152344,209.65362548828125,221.10939025878906,G5056
2008-09-28,2008-09-28,183.09753,198.41797,218.07481,203.36338806152344,209.65362548828125,221.10939025878906,G5056
2008-10-02,2008-10-02,200.87965,209.65363,205.32631,203.36338806152344,209.65362548828125,221.10939025878906,G5056
2008-10-05,2008-10-05,203.36339,195.52663,181.09975,203.36338806152344,209.65362548828125,281.4848937988281,G5056
2008-10-09,2008-10-09,188.70038,178.60115,188.88104,203.36338806152344,259.4577941894531,330.1840515136719,G5056
2008-10-12,2008-10-12,177.75966,176.09572,208.43964,276.538330078125,324.5982666015625,330.1840515136719,G5056
2008-10-16,2008-10-16,182.28828,202.9301,281.4849,315.3057861328125,324.5982666015625,330.1840515136719,G5056
2008-10-19,2008-10-19,197.1306,259.4578,330.18405,315.3057861328125,324.5982666015625,410.6588134765625,G5056
2008-10-23,2008-10-23,276.53833,324.59827,305.7621,315.3057861328125,374.8498840332031,427.4803466796875,G5056
2008-10-26,2008-10-26,315.3058,302.23386,314.038,397.01324462890625,414.39678955078125,427.4803466796875,G5056
2008-10-30,2008-10-30,282.8208,295.872,410.6588,412.3783874511719,414.39678955078125,427.4803466796875,G5056
2008-11-02,2008-11-02,291.75543,374.84988,427.48035,412.3783874511719,414.39678955078125,427.4803466796875,G5056
2008-11-06,2008-11-06,397.01324,414.3968,387.5993,412.3783874511719,414.39678955078125,427.4803466796875,G5056
2008-11-09,2008-11-09,412.3784,388.01056,382.15292,412.3783874511719,414.39678955078125,427.4803466796875,G5056
2008-11-13,2008-11-13,378.77905,379.04376,374.56662,412.3783874511719,414.39678955078125,427.4803466796875,G5056
2008-11-16,2008-11-16,376.00336,376.9002,326.00595,412.3783874511719,414.39678955078125,387.59930419921875,G5056
2008-11-20,2008-11-20,367.16492,322.33878,267.00543,412.3783874511719,388.01055908203125,382.1529235839844,G5056
2008-11-23,2008-11-23,320.71057,276.5997,235.47069,378.779052734375,379.04376220703125,374.5666198730469,G5056
2008-11-27,2008-11-27,263.82928,234.18236,210.01749,376.00335693359375,376.90020751953125,326.0059509277344,G5056
2008-11-30,2008-11-30,233.17702,215.39616,191.71863,367.1649169921875,322.3387756347656,267.00543212890625,G5056
2008-12-04,2008-12-04,208.55605,191.01056,170.62315,320.7105712890625,276.5997009277344,235.47068786621094,G5056
2008-12-07,2008-12-07,190.36076,174.97963,156.7629,263.82928466796875,234.18235778808594,210.01748657226562,G5056
2008-12-11,2008-12-11,169.44333,156.40338,140.52895,233.17701721191406,215.3961639404297,191.7186279296875,G5056
2008-12-14,2008-12-14,155.70802,144.41861,129.7165,208.55604553222656,191.01055908203125,170.62315368652344,G5056
2008-12-18,2008-12-18,139.48048,129.24812,116.39375,190.3607635498047,174.97962951660156,156.7628936767578,G5056
2008-12-21,2008-12-21,128.67897,119.28263,106.826675,169.44332885742188,156.40338134765625,140.52894592285156,G5056
2008-12-25,2008-12-25,115.58992,106.67413,93.7442,155.70802307128906,144.41860961914062,129.7165069580078,G5056
2008-12-28,2008-12-28,106.11259,96.9468,84.59813,139.48048400878906,129.2481231689453,116.39375305175781,G5056
2009-01-02,2009-01-02,89.86563,80.9592,69.48658,128.67897033691406,119.28263092041016,106.82667541503906,G5056
2009-01-05,2009-01-05,80.92928,72.15426,62.387638,115.58992004394531,106.67413330078125,93.74420166015625,G5056
2009-01-09,2009-01-09,69.32611,62.314526,55.21842,106.11258697509766,96.9468002319336,84.59812927246094,G5056
2009-01-12,2009-01-12,62.20246,56.677467,51.72408,89.86563110351562,80.95919799804688,69.48657989501953,G5056
2009-01-16,2009-01-16,55.1225,51.728214,48.841805,80.92928314208984,72.15425872802734,62.387638092041016,G5056
2009-01-19,2009-01-19,51.663815,49.322712,47.426853,69.32611083984375,62.31452560424805,55.21841812133789,G5056
2009-01-23,2009-01-23,48.75138,47.45128,45.921814,62.20246124267578,56.677467346191406,51.72407913208008,G5056
2009-01-26,2009-01-26,47.486618,46.23801,44.70304,55.122501373291016,51.728214263916016,63.366966247558594,G5056
2009-01-30,2009-01-30,45.790577,44.60584,44.340416,51.663814544677734,58.2811279296875,77.86754608154297,G5056
2009-02-02,2009-02-02,44.558483,44.03004,47.815838,63.228668212890625,77.7513656616211,83.2219009399414,G5056
2009-02-06,2009-02-06,44.221146,47.735928,63.366966,77.7049560546875,83.50621032714844,83.2219009399414,G5056
2009-02-09,2009-02-09,47.65385,58.281128,77.867546,83.1324462890625,83.50621032714844,83.2219009399414,G5056
2009-02-13,2009-02-13,63.22867,77.751366,83.2219,83.1324462890625,83.50621032714844,83.2219009399414,G5056
2009-02-16,2009-02-16,77.704956,83.50621,79.310005,83.1324462890625,83.50621032714844,83.2219009399414,G5056
2009-02-20,2009-02-20,83.13245,79.177086,73.08655,83.1324462890625,83.50621032714844,83.2219009399414,G5056
2009-02-23,2009-02-23,79.10451,74.26266,69.663734,83.1324462890625,83.50621032714844,83.2219009399414,G5056
2009-02-27,2009-02-27,72.97059,69.43799,66.143936,83.1324462890625,83.50621032714844,79.31000518798828,G5056
2009-03-02,2009-03-02,69.427505,66.06648,67.25206,83.1324462890625,79.17708587646484,73.0865478515625,G5056
2009-03-06,2009-03-06,65.757774,67.34034,67.23129,79.10450744628906,74.26265716552734,74.3983154296875,G5056
2009-03-09,2009-03-09,66.9126,67.4006,67.34627,72.97058868408203,73.98992156982422,74.3983154296875,G5056
2009-03-13,2009-03-13,67.02894,67.30681,71.73522,73.67865753173828,73.98992156982422,74.3983154296875,G5056
2009-03-16,2009-03-16,67.10257,70.53701,74.398315,73.67865753173828,73.98992156982422,74.3983154296875,G5056
2009-03-20,2009-03-20,71.46575,73.98992,70.782776,73.67865753173828,73.98992156982422,74.3983154296875,G5056
2009-03-23,2009-03-23,73.67866,71.524254,66.08561,73.67865753173828,73.98992156982422,74.3983154296875,G5056
2009-03-27,2009-03-27,69.799614,65.39331,57.197414,73.67865753173828,73.98992156982422,74.3983154296875,G5056
2009-03-30,2009-03-30,65.28939,60.304195,52.466434,73.67865753173828,73.98992156982422,93.30549621582031,G5056
2009-04-03,2009-04-03,56.47159,52.249184,54.767334,73.67865753173828,87.06449890136719,111.20140075683594,G5056
2009-04-06,2009-04-06,51.884922,52.782223,67.11042,94.7334976196289,112.6675033569336,162.42539978027344,G5056
2009-04-10,2009-04-10,54.813107,67.567535,93.3055,113.15355682373047,139.42367553710938,255.0580291748047,G5056
2009-04-13,2009-04-13,68.45034,87.0645,111.2014,160.44088745117188,252.51217651367188,289.12811279296875,G5056
2009-04-17,2009-04-17,94.7335,112.6675,162.4254,252.50918579101562,288.83392333984375,289.12811279296875,G5056
2009-04-20,2009-04-20,113.15356,139.42368,255.05803,289.0593566894531,288.83392333984375,289.12811279296875,G5056
2009-04-24,2009-04-24,160.44089,252.51218,289.1281,289.0593566894531,288.83392333984375,289.12811279296875,G5056
2009-04-27,2009-04-27,252.50919,288.83392,239.91696,289.0593566894531,288.83392333984375,289.12811279296875,G5056
2009-05-01,2009-05-01,289.05936,242.67932,195.0923,289.0593566894531,288.83392333984375,289.12811279296875,G5056
2009-05-04,2009-05-04,241.38336,201.88538,183.23012,289.0593566894531,288.83392333984375,289.12811279296875,G5056
2009-05-08,2009-05-08,194.03333,180.37714,169.96288,289.0593566894531,288.83392333984375,239.91696166992188,G5056
2009-05-11,2009-05-11,178.21544,176.3561,138.61893,289.0593566894531,242.6793212890625,195.09230041503906,G5056
2009-05-15,2009-05-15,161.17847,130.13158,105.98324,241.38336181640625,201.8853759765625,183.23011779785156,G5056
2009-05-18,2009-05-18,130.56334,102.27559,108.597244,194.0333251953125,180.37713623046875,169.96287536621094,G5056
2009-05-22,2009-05-22,96.51794,110.332466,135.45757,178.21543884277344,176.35609436035156,177.19326782226562,G5056
2009-05-25,2009-05-25,103.16172,124.61031,131.54633,161.178466796875,169.66928100585938,187.4876708984375,G5056
2009-05-29,2009-05-29,125.88111,127.620316,144.30704,166.43368530273438,188.0615997314453,187.4876708984375,G5056
2009-06-01,2009-06-01,127.281136,142.62598,177.19327,182.0202178955078,188.0615997314453,187.4876708984375,G5056
2009-06-05,2009-06-05,150.16492,169.66928,187.48767,182.0202178955078,188.0615997314453,187.4876708984375,G5056
2009-06-08,2009-06-08,166.43369,188.0616,184.46925,182.0202178955078,188.0615997314453,187.4876708984375,G5056
2009-06-12,2009-06-12,182.02022,186.61874,182.63217,182.0202178955078,188.0615997314453,187.4876708984375,G5056
2009-06-15,2009-06-15,173.03326,175.49245,166.42572,182.0202178955078,188.0615997314453,187.4876708984375,G5056
2009-06-19,2009-06-19,173.6712,162.06218,150.63026,182.0202178955078,188.0615997314453,184.46925354003906,G5056
2009-06-22,2009-06-22,163.34378,152.47731,144.22676,182.0202178955078,186.61874389648438,182.63217163085938,G5056
2009-06-26,2009-06-26,144.79688,142.18614,130.084,173.67120361328125,175.49244689941406,166.42572021484375,G5056
2009-06-29,2009-06-29,135.71178,135.09195,106.69852,173.67120361328125,162.0621795654297,150.63026428222656,G5056
2009-07-03,2009-07-03,118.690834,99.83361,89.04276,163.34378051757812,152.47731018066406,144.2267608642578,G5056
2009-07-06,2009-07-06,94.70392,90.00949,107.39863,144.796875,142.18614196777344,130.08399963378906,G5056
2009-07-10,2009-07-10,81.06727,103.267876,111.832344,135.71177673339844,135.09194946289062,111.83234405517578,G5056
2009-07-13,2009-07-13,95.798195,103.40368,93.292984,118.69083404541016,109.70258331298828,111.83234405517578,G5056
2009-07-17,2009-07-17,100.82544,109.70258,83.11229,100.825439453125,109.70258331298828,111.83234405517578,G5056
2009-07-20,2009-07-20,94.255585,83.75686,65.46569,100.825439453125,109.70258331298828,111.83234405517578,G5056
2009-07-24,2009-07-24,73.24441,64.23305,49.51389,100.825439453125,109.70258331298828,93.29298400878906,G5056
2009-07-27,2009-07-27,59.87117,50.342205,37.981617,100.825439453125,109.70258331298828,83.11228942871094,G5056
2009-07-31,2009-07-31,42.53573,33.623917,30.803593,94.25558471679688,83.7568588256836,65.46569061279297,G5056
2009-08-03,2009-08-03,29.301123,26.525702,31.387012,73.2444076538086,64.23304748535156,49.51388931274414,G5056
2009-08-07,2009-08-07,24.901161,28.527065,32.25498,59.87117004394531,50.34220504760742,37.98161697387695,G5056
2009-08-10,2009-08-10,22.466284,28.715645,27.738218,42.535728454589844,33.62391662597656,32.25497817993164,G5056
2009-08-14,2009-08-14,19.97316,18.049417,16.999136,29.301122665405273,28.71564483642578,32.25497817993164,G5056
2009-08-17,2009-08-17,15.779297,15.124084,13.019444,24.901161193847656,28.71564483642578,32.25497817993164,G5056
2009-08-21,2009-08-21,14.717779,11.183507,3.5648682,22.466283798217773,28.71564483642578,27.738218307495117,G5056
2009-08-24,2009-08-24,8.324598,5.607283,3.2383595,19.973159790039062,18.04941749572754,22.889766693115234,G5056
2009-08-28,2009-08-28,9.307852,7.143649,12.255032,15.779296875,20.92624855041504,23.505638122558594,G5056
2009-08-31,2009-08-31,2.5511906,1.7198806,11.9944105,17.88715171813965,20.92624855041504,23.505638122558594,G5056
2009-09-04,2009-09-04,1.950431,6.194289,22.889767,17.88715171813965,20.92624855041504,23.505638122558594,G5056
2009-09-07,2009-09-07,6.1695123,20.926249,23.505638,17.88715171813965,20.92624855041504,23.505638122558594,G5056
2009-09-11,2009-09-11,17.887152,19.65649,14.483697,17.88715171813965,20.92624855041504,23.505638122558594,G5056
2009-09-14,2009-09-14,15.857609,12.4524555,8.623375,17.88715171813965,20.92624855041504,25.58213233947754,G5056
2009-09-18,2009-09-18,12.29876,11.035783,8.960861,17.88715171813965,20.92624855041504,48.446659088134766,G5056
2009-09-21,2009-09-21,10.196835,8.240939,9.438377,19.184635162353516,40.37801742553711,66.93194580078125,G5056
2009-09-25,2009-09-25,6.414824,8.301249,25.582132,38.95281219482422,56.7772331237793,89.95462799072266,G5056
2009-09-28,2009-09-28,5.9769554,15.846854,48.44666,60.238868713378906,81.88495635986328,104.55609130859375,G5056
2009-10-02,2009-10-02,19.184635,40.378017,66.931946,79.32758331298828,95.1429672241211,111.345458984375,G5056
2009-10-05,2009-10-05,38.952812,56.777233,89.95463,91.69210815429688,106.28535461425781,133.60382080078125,G5056
2009-10-09,2009-10-09,60.23887,81.88496,104.55609,101.0560073852539,125.0523910522461,152.1757049560547,G5056
2009-10-12,2009-10-12,79.32758,95.14297,111.34546,125.07921600341797,147.03871154785156,165.74546813964844,G5056
2009-10-16,2009-10-16,91.69211,106.285355,133.60382,139.59690856933594,159.3613739013672,214.74444580078125,G5056
2009-10-19,2009-10-19,101.05601,125.05239,152.1757,156.64842224121094,202.1420135498047,308.1333312988281,G5056
2009-10-23,2009-10-23,125.079216,147.03871,165.74547,196.91046142578125,289.7904357910156,308.1333312988281,G5056
2009-10-26,2009-10-26,139.59691,159.36137,214.74445,301.74395751953125,296.79156494140625,308.1333312988281,G5056
2009-10-30,2009-10-30,156.64842,202.14201,308.13333,301.74395751953125,296.79156494140625,308.1333312988281,G5056
2009-11-02,2009-11-02,196.91046,289.79044,297.6387,301.74395751953125,296.79156494140625,308.1333312988281,G5056
2009-11-06,2009-11-06,301.74396,296.79156,235.24474,301.74395751953125,296.79156494140625,308.1333312988281,G5056
2009-11-09,2009-11-09,294.73587,249.68674,191.5028,301.74395751953125,296.79156494140625,308.1333312988281,G5056
2009-11-13,2009-11-13,233.3566,190.73155,152.78224,301.74395751953125,296.79156494140625,297.6387023925781,G5056
2009-11-16,2009-11-16,190.58122,161.39029,132.69785,301.74395751953125,296.79156494140625,235.24473571777344,G5056
2009-11-20,2009-11-20,149.11374,131.75623,123.05644,294.7358703613281,249.68673706054688,191.5028076171875,G5056
2009-11-23,2009-11-23,129.51727,120.31545,136.4297,233.35659790039062,190.73155212402344,155.6282958984375,G5056
2009-11-27,2009-11-27,118.42351,134.54109,155.6283,190.5812225341797,161.39028930664062,155.6282958984375,G5056
2009-11-30,2009-11-30,132.52612,153.28955,148.28511,154.0634765625,153.28955078125,155.6282958984375,G5056
2009-12-04,2009-12-04,154.06348,147.32512,129.89119,154.0634765625,153.28955078125,155.6282958984375,G5056
2009-12-07,2009-12-07,146.78416,132.80943,131.90475,154.0634765625,153.28955078125,155.6282958984375,G5056
2009-12-11,2009-12-11,128.61343,131.24805,150.11171,154.0634765625,153.28955078125,151.2554168701172,G5056
2009-12-14,2009-12-14,130.49005,145.85568,151.25542,154.0634765625,150.8120574951172,151.2554168701172,G5056
2009-12-18,2009-12-18,149.11617,150.81206,147.84984,150.3855438232422,150.8120574951172,151.2554168701172,G5056
2009-12-21,2009-12-21,150.38554,148.59059,145.05212,150.3855438232422,150.8120574951172,151.2554168701172,G5056
2009-12-25,2009-12-25,147.43591,144.6944,131.979,150.3855438232422,150.8120574951172,151.2554168701172,G5056
2009-12-28,2009-12-28,144.18808,135.75108,122.18843,150.3855438232422,150.8120574951172,147.84983825683594,G5056
2010-01-02,2010-01-02,127.67062,119.39539,115.18177,150.3855438232422,148.59059143066406,145.0521240234375,G5056
2010-01-05,2010-01-05,119.34604,115.33932,118.57161,147.4359130859375,144.69439697265625,131.97900390625,G5056
2010-01-09,2010-01-09,114.85813,118.184135,126.19825,144.18807983398438,135.75108337402344,126.19824981689453,G5056
2010-01-12,2010-01-12,118.129654,124.70489,126.05896,127.67062377929688,125.77848815917969,126.19824981689453,G5056
2010-01-16,2010-01-16,126.10312,125.77849,112.67865,126.10311889648438,125.77848815917969,126.19824981689453,G5056
2010-01-19,2010-01-19,125.84803,116.99556,98.74507,126.10311889648438,125.77848815917969,126.19824981689453,G5056
2010-01-23,2010-01-23,112.62828,98.64838,81.0519,126.10311889648438,125.77848815917969,126.0589599609375,G5056
2010-01-26,2010-01-26,98.57463,85.24189,70.78146,126.10311889648438,125.77848815917969,112.67864990234375,G5056
2010-01-30,2010-01-30,81.06165,70.70467,61.959625,125.84803009033203,116.99555969238281,98.74507141113281,G5056
2010-02-02,2010-02-02,70.69873,63.50824,61.238327,112.62828063964844,98.64837646484375,81.0519027709961,G5056
2010-02-06,2010-02-06,61.889805,60.877174,64.75096,98.57463073730469,85.24188995361328,70.78146362304688,G5056
2010-02-09,2010-02-09,60.82029,63.66414,64.87492,81.06165313720703,70.70467376708984,64.87492370605469,G5056
2010-02-13,2010-02-13,64.69765,64.94129,59.28932,70.69873046875,64.94129180908203,64.87492370605469,G5056
2010-02-16,2010-02-16,64.91584,61.142773,53.35913,64.91584014892578,64.94129180908203,71.87930297851562,G5056
2010-02-20,2010-02-20,59.30545,53.40732,48.56268,64.91584014892578,65.35570526123047,91.20301818847656,G5056
2010-02-23,2010-02-23,53.466934,49.034096,52.17238,71.61656188964844,90.93006134033203,105.64582061767578,G5056
2010-02-27,2010-02-27,48.52239,52.16782,71.8793,90.6727066040039,102.96698760986328,105.64582061767578,G5056
2010-03-02,2010-03-02,52.272102,65.355705,91.20302,104.33294677734375,103.60098266601562,105.64582061767578,G5056
2010-03-06,2010-03-06,71.61656,90.93006,105.64582,104.33294677734375,103.60098266601562,105.64582061767578,G5056
2010-03-09,2010-03-09,90.67271,102.96699,104.404305,104.33294677734375,103.60098266601562,105.64582061767578,G5056
2010-03-13,2010-03-13,104.33295,103.60098,92.38078,104.33294677734375,103.60098266601562,105.64582061767578,G5056
2010-03-16,2010-03-16,103.95812,95.58477,82.84831,104.33294677734375,103.60098266601562,105.64582061767578,G5056
2010-03-20,2010-03-20,92.18683,81.379295,69.30341,104.33294677734375,103.60098266601562,121.75994873046875,G5056
2010-03-23,2010-03-23,81.6099,71.68214,64.06265,104.33294677734375,120.72357940673828,125.8221206665039,G5056
2010-03-27,2010-03-27,69.05322,63.772274,81.17677,119.56521606445312,131.50198364257812,125.8221206665039,G5056
2010-03-30,2010-03-30,63.32051,72.70051,121.75995,124.79452514648438,131.50198364257812,125.8221206665039,G5056
2010-04-03,2010-04-03,80.30908,120.72358,125.82212,124.79452514648438,131.50198364257812,125.8221206665039,G5056
2010-04-06,2010-04-06,119.565216,131.50198,107.293846,124.79452514648438,131.50198364257812,125.8221206665039,G5056
2010-04-10,2010-04-10,124.794525,102.46133,77.72813,124.79452514648438,131.50198364257812,125.8221206665039,G5056
2010-04-13,2010-04-13,101.78812,81.97194,68.4352,124.79452514648438,131.50198364257812,125.8221206665039,G5056
2010-04-17,2010-04-17,77.44865,68.93832,77.12168,124.79452514648438,131.50198364257812,271.49859619140625,G5056
2010-04-20,2010-04-20,70.16512,72.57918,90.99746,126.53399658203125,267.894775390625,422.14764404296875,G5056
2010-04-24,2010-04-24,78.10119,90.921555,124.504776,273.20587158203125,414.0759582519531,480.4950256347656,G5056
2010-04-27,2010-04-27,90.75962,116.4927,271.4986,422.5547180175781,471.7034606933594,480.5895690917969,G5056
2010-05-01,2010-05-01,126.534,267.89478,422.14764,466.2243347167969,471.7034606933594,480.5895690917969,G5056
2010-05-04,2010-05-04,273.20587,414.07596,480.49503,466.2243347167969,471.7034606933594,486.1128845214844,G5056
2010-05-08,2010-05-08,422.55472,471.70346,480.58957,466.2243347167969,471.7034606933594,512.8211669921875,G5056
2010-05-11,2010-05-11,466.22433,460.61853,428.68076,468.7190246582031,500.0780029296875,512.8211669921875,G5056
2010-05-15,2010-05-15,443.0414,426.17694,486.11288,502.5204772949219,500.0780029296875,512.8211669921875,G5056
2010-05-18,2010-05-18,423.87323,462.06677,512.82117,502.5204772949219,500.0780029296875,512.8211669921875,G5056
2010-05-22,2010-05-22,468.71902,500.078,443.39377,502.5204772949219,500.0780029296875,512.8211669921875,G5056
2010-05-25,2010-05-25,502.52048,462.66742,384.5233,502.5204772949219,500.0780029296875,512.8211669921875,G5056
2010-05-29,2010-05-29,436.40503,379.12454,343.75076,502.5204772949219,500.0780029296875,512.8211669921875,G5056
2010-06-01,2010-06-01,369.55804,347.2702,344.21432,502.5204772949219,500.0780029296875,443.3937683105469,G5056
2010-06-05,2010-06-05,346.57013,347.80276,313.4403,502.5204772949219,462.66741943359375,384.5232849121094,G5056
2010-06-08,2010-06-08,338.9526,318.33377,284.46744,436.405029296875,379.1245422363281,344.2143249511719,G5056
2010-06-12,2010-06-12,304.22632,280.96973,261.34888,369.55804443359375,347.8027648925781,344.2143249511719,G5056
2010-06-15,2010-06-15,275.41064,268.441,258.05493,346.57012939453125,347.8027648925781,313.4403076171875,G5056
2010-06-19,2010-06-19,264.93558,264.35327,243.35667,338.9526062011719,318.3337707519531,284.4674377441406,G5056
2010-06-22,2010-06-22,250.9819,233.23927,233.8671,304.226318359375,280.9697265625,261.348876953125,G5056
2010-06-26,2010-06-26,228.45305,235.1879,219.64133,275.41064453125,268.4410095214844,258.054931640625,G5056
2010-06-29,2010-06-29,228.42308,223.71965,196.9765,264.9355773925781,264.353271484375,243.35667419433594,G5056
2010-07-03,2010-07-03,209.63794,199.37157,178.90056,250.98190307617188,235.18789672851562,233.86709594726562,G5056
2010-07-06,2010-07-06,195.82635,173.65027,164.58923,228.4530487060547,235.18789672851562,219.64132690429688,G5056
2010-07-10,2010-07-10,164.20279,162.53853,165.19113,228.42308044433594,223.7196502685547,196.97650146484375,G5056
2010-07-13,2010-07-13,152.9092,164.04834,163.46863,209.637939453125,199.37156677246094,178.9005584716797,G5056
2010-07-17,2010-07-17,171.78157,172.67345,172.24773,195.82635498046875,178.24761962890625,172.2477264404297,G5056
2010-07-20,2010-07-20,171.20224,178.24762,149.73288,171.7815704345703,178.24761962890625,172.2477264404297,G5056
2010-07-24,2010-07-24,170.61264,152.88727,112.37267,171.7815704345703,178.24761962890625,172.2477264404297,G5056
2010-07-27,2010-07-27,148.9899,118.24009,93.11353,171.7815704345703,178.24761962890625,172.2477264404297,G5056
2010-07-31,2010-07-31,106.08164,87.60039,97.24082,171.20223999023438,178.24761962890625,149.73287963867188,G5056
2010-08-03,2010-08-03,89.73438,86.750046,108.334755,170.61264038085938,152.88726806640625,118.239013671875,G5056
2010-08-07,2010-08-07,95.62198,111.22643,118.23901,148.98989868164062,127.80816650390625,118.239013671875,G5056
2010-08-10,2010-08-10,107.72737,127.80817,108.7651,130.19029235839844,127.80816650390625,118.239013671875,G5056
2010-08-14,2010-08-14,130.19029,116.69349,92.047966,130.19029235839844,127.80816650390625,118.239013671875,G5056
2010-08-17,2010-08-17,110.410965,87.34107,81.27985,130.19029235839844,127.80816650390625,118.239013671875,G5056
2010-08-21,2010-08-21,77.77043,81.1443,89.25379,130.19029235839844,127.80816650390625,108.76509857177734,G5056
2010-08-24,2010-08-24,71.245834,79.35961,86.198555,130.19029235839844,116.69348907470703,118.01874542236328,G5056
2010-08-28,2010-08-28,81.55968,91.6838,96.97002,110.41096496582031,116.00856018066406,138.30941772460938,G5056
2010-08-31,2010-08-31,78.16878,92.041145,105.89891,117.51789093017578,140.86578369140625,141.2810821533203,G5056
2010-09-04,2010-09-04,92.59279,101.18318,118.018745,131.75820922851562,142.4881591796875,146.92303466796875,G5056
2010-09-07,2010-09-07,100.26922,116.00856,138.30942,139.26547241210938,142.4881591796875,157.1299285888672,G5056
2010-09-11,2010-09-11,117.51789,140.86578,141.28108,140.74539184570312,158.7563018798828,174.83140563964844,G5056
2010-09-14,2010-09-14,131.75821,142.48816,146.92303,161.9595489501953,169.2689208984375,179.34278869628906,G5056
2010-09-18,2010-09-18,139.26547,138.70105,157.12993,166.6104278564453,169.2689208984375,194.65081787109375,G5056
2010-09-21,2010-09-21,140.74539,158.7563,174.8314,171.60865783691406,194.3322296142578,203.0288848876953,G5056
2010-09-25,2010-09-25,161.95955,169.26892,179.34279,190.1851043701172,204.69264221191406,203.0288848876953,G5056
2010-09-28,2010-09-28,166.61043,168.73724,194.65082,202.66891479492188,204.69264221191406,203.0288848876953,G5056
2010-10-02,2010-10-02,171.60866,194.33223,203.02888,202.66891479492188,204.69264221191406,203.0288848876953,G5056
2010-10-05,2010-10-05,190.1851,204.69264,189.03201,202.66891479492188,204.69264221191406,203.0288848876953,G5056
2010-10-09,2010-10-09,202.66891,188.11404,162.02454,202.66891479492188,204.69264221191406,203.0288848876953,G5056
2010-10-12,2010-10-12,184.43208,164.53262,155.3676,202.66891479492188,204.69264221191406,203.0288848876953,G5056
2010-10-16,2010-10-16,161.56705,163.70876,171.18655,202.66891479492188,204.69264221191406,211.25392150878906,G5056
2010-10-19,2010-10-19,157.63756,167.87819,159.88947,202.66891479492188,207.1704559326172,282.95098876953125,G5056
2010-10-23,2010-10-23,162.6583,159.6583,166.55817,203.76898193359375,272.76812744140625,282.95098876953125,G5056
2010-10-26,2010-10-26,159.36415,160.11868,211.25392,279.40106201171875,272.76812744140625,282.95098876953125,G5056
2010-10-30,2010-10-30,161.54532,207.17046,282.951,279.40106201171875,272.76812744140625,282.95098876953125,G5056
2010-11-02,2010-11-02,203.76898,272.76813,274.378,279.40106201171875,272.76812744140625,282.95098876953125,G5056
2010-11-06,2010-11-06,279.40106,272.21274,231.24782,279.40106201171875,272.76812744140625,282.95098876953125,G5056
2010-11-09,2010-11-09,270.6105,241.44604,195.34634,279.40106201171875,272.76812744140625,282.95098876953125,G5056
2010-11-13,2010-11-13,228.09499,193.70409,156.42299,279.40106201171875,272.76812744140625,274.37799072265625,G5056
2010-11-16,2010-11-16,191.57648,161.15465,133.25792,279.40106201171875,272.2127380371094,231.24781799316406,G5056
2010-11-20,2010-11-20,150.63594,131.72395,124.976715,270.6105041503906,241.446044921875,195.34634399414062,G5056
2010-11-23,2010-11-23,130.44153,123.61488,133.51035,228.09498596191406,193.70408630371094,204.90086364746094,G5056
2010-11-27,2010-11-27,122.298416,130.64539,143.78786,191.57647705078125,183.25576782226562,229.6129608154297,G5056
2010-11-30,2010-11-30,128.96686,140.674,146.16345,203.7310028076172,229.94972229003906,229.6129608154297,G5056
2010-12-04,2010-12-04,141.43939,145.92743,204.90086,228.99887084960938,229.94972229003906,229.6129608154297,G5056
2010-12-07,2010-12-07,144.85141,183.25577,229.61296,228.99887084960938,229.94972229003906,229.6129608154297,G5056
2010-12-11,2010-12-11,203.731,229.94972,181.88881,228.99887084960938,229.94972229003906,229.6129608154297,G5056
2010-12-14,2010-12-14,228.99887,195.88464,142.06181,228.99887084960938,229.94972229003906,229.6129608154297,G5056
2010-12-18,2010-12-18,180.57721,141.72296,107.762436,228.99887084960938,229.94972229003906,229.6129608154297,G5056
2010-12-21,2010-12-21,140.88556,114.13411,94.61028,228.99887084960938,229.94972229003906,181.88880920410156,G5056
2010-12-25,2010-12-25,106.55683,93.83394,84.90844,228.99887084960938,195.8846435546875,142.0618133544922,G5056
2010-12-28,2010-12-28,93.19256,86.414055,79.87996,180.57720947265625,141.72296142578125,107.76243591308594,G5056
2011-01-02,2011-01-02,82.227196,77.44217,69.38705,140.88555908203125,114.13410949707031,94.61028289794922,G5056
2011-01-05,2011-01-05,77.44026,71.327255,63.932396,106.55683135986328,93.83393859863281,84.90843963623047,G5056
2011-01-09,2011-01-09,69.07829,63.75437,60.65348,93.19255828857422,86.41405487060547,79.87995910644531,G5056
2011-01-12,2011-01-12,63.65819,60.820484,60.80593,82.2271957397461,77.44216918945312,69.38704681396484,G5056
2011-01-16,2011-01-16,60.44928,60.682182,62.000343,77.44026184082031,71.32725524902344,63.932395935058594,G5056
2011-01-19,2011-01-19,60.65263,61.74079,61.269695,69.07829284667969,63.754371643066406,62.000343322753906,G5056
2011-01-23,2011-01-23,61.8422,61.187267,57.07412,63.6581916809082,61.74079132080078,62.000343322753906,G5056
2011-01-26,2011-01-26,61.019688,58.16937,52.668766,61.842201232910156,61.74079132080078,62.000343322753906,G5056
2011-01-30,2011-01-30,56.77202,52.630894,47.591217,61.842201232910156,61.74079132080078,61.26969528198242,G5056
2011-02-02,2011-02-02,52.502155,48.710785,44.581066,61.842201232910156,61.1872673034668,57.074119567871094,G5056
2011-02-06,2011-02-06,47.556427,44.59362,41.154186,61.01968765258789,58.169368743896484,52.668766021728516,G5056
2011-02-09,2011-02-09,44.572247,41.89653,39.03831,56.77201843261719,52.63089370727539,47.591217041015625,G5056
2011-02-13,2011-02-13,40.971012,38.88966,37.364525,52.50215530395508,48.710784912109375,44.5810661315918,G5056
2011-02-16,2011-02-16,38.80997,37.53259,37.376637,47.556427001953125,44.59362030029297,41.1541862487793,G5056
2011-02-20,2011-02-20,37.282604,37.44545,38.56289,44.57224655151367,41.89653015136719,39.03831100463867,G5056
2011-02-23,2011-02-23,37.328808,38.12858,38.123585,40.971012115478516,38.8896598815918,38.562889099121094,G5056
2011-02-27,2011-02-27,38.365433,38.088,33.155586,38.80997085571289,38.128578186035156,38.562889099121094,G5056
2011-03-02,2011-03-02,37.961292,34.358765,30.016424,38.36543273925781,38.128578186035156,38.562889099121094,G5056
2011-03-06,2011-03-06,33.566177,30.492672,26.290684,38.36543273925781,38.128578186035156,38.12358474731445,G5056
2011-03-09,2011-03-09,30.064,27.547783,23.934916,38.36543273925781,38.0880012512207,33.15558624267578,G5056
2011-03-13,2011-03-13,26.359198,24.039057,22.879702,37.9612922668457,34.3587646484375,30.01642417907715,G5056
2011-03-16,2011-03-16,23.859833,22.804934,22.632547,33.56617736816406,30.492671966552734,35.58938217163086,G5056
2011-03-20,2011-03-20,23.22097,23.089619,25.25362,30.06399917602539,34.963436126708984,40.28036880493164,G5056
2011-03-23,2011-03-23,22.5762,23.682648,29.171417,35.93952941894531,40.38101577758789,50.19969177246094,G5056
2011-03-27,2011-03-27,24.337751,28.8491,35.589382,40.9045295715332,49.003883361816406,50.19969177246094,G5056
2011-03-30,2011-03-30,28.843288,34.963436,40.28037,48.177284240722656,49.003883361816406,50.19969177246094,G5056
2011-04-03,2011-04-03,35.93953,40.381016,50.19969,48.177284240722656,49.003883361816406,50.19969177246094,G5056
2011-04-06,2011-04-06,40.90453,49.003883,49.38681,48.177284240722656,49.003883361816406,58.90727233886719,G5056
2011-04-10,2011-04-10,48.177284,47.93848,46.808548,48.177284240722656,51.12562561035156,58.90727233886719,G5056
2011-04-13,2011-04-13,47.43643,47.761673,49.94034,52.80374526977539,56.9344596862793,64.3232421875,G5056
2011-04-17,2011-04-17,45.10695,48.222717,58.907272,57.23607635498047,63.32875442504883,65.60577392578125,G5056
2011-04-20,2011-04-20,45.042316,51.125626,57.554054,63.140560150146484,63.32875442504883,65.60577392578125,G5056
2011-04-24,2011-04-24,52.803745,56.93446,64.32324,63.140560150146484,63.32875442504883,96.09969329833984,G5056
2011-04-27,2011-04-27,57.236076,63.328754,65.605774,63.217323303222656,103.40959167480469,171.3519744873047,G5056
2011-05-01,2011-05-01,63.14056,62.301884,63.41167,95.62564086914062,161.2645263671875,202.74574279785156,G5056
2011-05-04,2011-05-04,58.842194,59.615166,96.09969,170.4145050048828,195.7403106689453,202.74574279785156,G5056
2011-05-08,2011-05-08,63.217323,103.40959,171.35197,192.51214599609375,195.7403106689453,202.74574279785156,G5056
2011-05-11,2011-05-11,95.62564,161.26453,202.74574,192.51214599609375,195.7403106689453,202.74574279785156,G5056
2011-05-15,2011-05-15,170.4145,195.74031,194.1781,192.51214599609375,195.7403106689453,202.74574279785156,G5056
2011-05-18,2011-05-18,192.51215,189.57399,188.31009,192.51214599609375,197.45263671875,202.74574279785156,G5056
2011-05-22,2011-05-22,179.81326,186.40207,190.30331,194.8181610107422,197.45263671875,202.74574279785156,G5056
2011-05-25,2011-05-25,190.13222,193.84622,201.41563,194.8181610107422,197.45263671875,201.41563415527344,G5056
2011-05-29,2011-05-29,189.94138,197.45264,175.1724,194.8181610107422,197.45263671875,201.41563415527344,G5056
2011-06-01,2011-06-01,194.81816,179.68822,168.86206,194.8181610107422,197.45263671875,201.41563415527344,G5056
2011-06-05,2011-06-05,172.17398,172.80698,183.06099,194.8181610107422,197.45263671875,334.40966796875,G5056
2011-06-08,2011-06-08,160.891,172.3977,189.71701,194.8181610107422,332.6681823730469,358.7559509277344,G5056
2011-06-12,2011-06-12,178.5546,190.94945,197.1446,328.3481750488281,372.2945861816406,358.7559509277344,G5056
2011-06-15,2011-06-15,178.58646,170.98483,334.40967,355.9639892578125,372.2945861816406,358.7559509277344,G5056
2011-06-19,2011-06-19,177.69194,332.66818,358.75595,355.9639892578125,372.2945861816406,358.7559509277344,G5056
2011-06-22,2011-06-22,328.34818,372.2946,298.59778,355.9639892578125,372.2945861816406,358.7559509277344,G5056
2011-06-26,2011-06-26,355.964,301.04636,266.2923,355.9639892578125,372.2945861816406,358.7559509277344,G5056
2011-06-29,2011-06-29,289.09158,252.07285,229.60583,355.9639892578125,372.2945861816406,358.7559509277344,G5056
2011-07-03,2011-07-03,229.08911,224.52348,231.26656,355.9639892578125,372.2945861816406,298.5977783203125,G5056
2011-07-06,2011-07-06,230.24341,230.00835,227.20348,355.9639892578125,301.0463562011719,266.29229736328125,G5056
2011-07-10,2011-07-10,226.21227,238.63614,208.40883,289.0915832519531,252.07284545898438,231.2665557861328,G5056
2011-07-13,2011-07-13,219.37886,209.64189,184.67432,230.243408203125,238.63613891601562,231.2665557861328,G5056
2011-07-17,2011-07-17,198.8865,190.10394,168.11188,230.243408203125,238.63613891601562,227.20347595214844,G5056
2011-07-20,2011-07-20,186.39192,170.87953,147.38736,226.21226501464844,238.63613891601562,208.40882873535156,G5056
2011-07-24,2011-07-24,156.24754,146.5594,133.74823,219.3788604736328,209.6418914794922,184.67431640625,G5056
2011-07-27,2011-07-27,139.98856,127.57102,113.29041,198.88650512695312,190.10394287109375,168.11187744140625,G5056
2011-07-31,2011-07-31,133.32854,120.46551,108.66875,186.3919219970703,170.87953186035156,147.38735961914062,G5056
2011-08-03,2011-08-03,116.06966,117.133385,111.2822,156.24754333496094,146.5594024658203,133.74822998046875,G5056
2011-08-07,2011-08-07,117.41451,127.221985,128.79335,139.98855590820312,127.5710220336914,128.79335021972656,G5056
2011-08-10,2011-08-10,114.197685,123.932495,111.48819,133.3285369873047,127.22198486328125,132.4877166748047,G5056
2011-08-14,2011-08-14,113.544266,110.56988,94.58376,117.41451263427734,127.22198486328125,144.60372924804688,G5056
2011-08-17,2011-08-17,106.77503,96.23342,100.40277,117.6947250366211,130.05296325683594,144.60372924804688,G5056
2011-08-21,2011-08-21,85.646,91.91564,132.48772,125.07646179199219,130.05296325683594,144.60372924804688,G5056
2011-08-24,2011-08-24,87.336365,123.75381,144.60373,125.07646179199219,131.85093688964844,165.85885620117188,G5056
2011-08-28,2011-08-28,117.694725,130.05296,136.449,125.07646179199219,155.14251708984375,183.28504943847656,G5056
2011-08-31,2011-08-31,125.07646,124.29542,141.79161,140.66163635253906,155.14251708984375,183.28504943847656,G5056
2011-09-04,2011-09-04,120.40715,131.85094,165.85886,143.0923309326172,157.60499572753906,183.28504943847656,G5056
2011-09-07,2011-09-07,124.04093,155.14252,183.28505,155.23104858398438,163.34442138671875,190.4902801513672,G5056
2011-09-11,2011-09-11,140.66164,148.87779,172.42072,155.33709716796875,170.3026123046875,221.6439208984375,G5056
2011-09-14,2011-09-14,143.09233,157.605,177.7259,179.76780700683594,213.6459197998047,225.38259887695312,G5056
2011-09-18,2011-09-18,155.23105,163.34442,190.49028,204.39761352539062,218.72657775878906,225.38259887695312,G5056
2011-09-21,2011-09-21,155.3371,170.30261,221.64392,221.412841796875,218.72657775878906,225.38259887695312,G5056
2011-09-25,2011-09-25,179.7678,213.64592,225.3826,221.412841796875,218.72657775878906,225.38259887695312,G5056
2011-09-28,2011-09-28,204.39761,218.72658,209.12398,221.412841796875,218.72657775878906,225.38259887695312,G5056
2011-10-02,2011-10-02,221.41284,210.00308,183.59718,221.412841796875,218.72657775878906,225.38259887695312,G5056
2011-10-05,2011-10-05,208.21454,183.61612,166.96133,221.412841796875,218.72657775878906,225.38259887695312,G5056
2011-10-09,2011-10-09,183.54938,170.08063,173.84164,221.412841796875,218.72657775878906,224.39077758789062,G5056
2011-10-12,2011-10-12,164.94893,166.05513,194.86095,221.412841796875,213.7904815673828,253.12709045410156,G5056
2011-10-16,2011-10-16,168.93854,195.98213,216.6544,212.5210723876953,245.6248016357422,458.87225341796875,G5056
2011-10-19,2011-10-19,186.96422,204.02219,224.39078,265.49462890625,447.4897766113281,459.7066955566406,G5056
2011-10-23,2011-10-23,200.04999,213.79048,253.12709,443.90045166015625,478.3063049316406,459.7066955566406,G5056
2011-10-26,2011-10-26,212.52107,245.6248,458.87225,447.1130676269531,478.3063049316406,459.7066955566406,G5056
2011-10-30,2011-10-30,265.49463,447.48978,459.7067,447.1130676269531,478.3063049316406,459.7066955566406,G5056
2011-11-02,2011-11-02,443.90045,478.3063,383.22363,447.1130676269531,478.3063049316406,459.7066955566406,G5056
2011-11-06,2011-11-06,447.11307,371.8936,344.68417,447.1130676269531,478.3063049316406,459.7066955566406,G5056
2011-11-09,2011-11-09,369.31766,338.6483,362.2086,447.1130676269531,478.3063049316406,459.7066955566406,G5056
2011-11-13,2011-11-13,335.17178,359.79703,428.7945,447.1130676269531,478.3063049316406,450.36529541015625,G5056
2011-11-16,2011-11-16,356.6517,409.1074,450.3653,447.1130676269531,439.8885803222656,450.36529541015625,G5056
2011-11-20,2011-11-20,421.37512,439.88858,396.08405,437.22320556640625,439.8885803222656,450.36529541015625,G5056
2011-11-23,2011-11-23,437.2232,404.4871,364.991,437.22320556640625,439.8885803222656,450.36529541015625,G5056
2011-11-27,2011-11-27,386.42352,357.64282,324.9244,437.22320556640625,439.8885803222656,450.36529541015625,G5056
2011-11-30,2011-11-30,352.94452,330.3901,292.4363,437.22320556640625,439.8885803222656,396.08404541015625,G5056
2011-12-04,2011-12-04,319.8188,290.86978,251.23059,437.22320556640625,404.4870910644531,364.9909973144531,G5056
2011-12-07,2011-12-07,290.01828,260.5362,222.00987,386.42352294921875,357.642822265625,324.9244079589844,G5056
2011-12-11,2011-12-11,249.13615,221.18681,192.34502,352.94451904296875,330.3901062011719,292.4363098144531,G5056
2011-12-14,2011-12-14,220.38948,198.47101,177.83195,319.81878662109375,290.8697814941406,251.2305908203125,G5056
2011-12-18,2011-12-18,191.13249,177.09882,161.63022,290.0182800292969,260.53619384765625,222.00987243652344,G5056
2011-12-21,2011-12-21,176.21672,165.0489,151.90526,249.1361541748047,221.1868133544922,192.3450164794922,G5056
2011-12-25,2011-12-25,160.62886,151.35619,141.89,220.3894805908203,198.47100830078125,177.8319549560547,G5056
2011-12-28,2011-12-28,150.65056,143.60057,136.06174,191.1324920654297,177.09881591796875,161.63021850585938,G5056
2012-01-02,2012-01-02,139.08147,133.73645,124.10089,176.2167205810547,165.0489044189453,151.90525817871094,G5056
2012-01-05,2012-01-05,133.59021,126.77765,113.5181,160.6288604736328,151.35618591308594,141.88999938964844,G5056
2012-01-09,2012-01-09,123.80045,113.524994,96.20931,150.6505584716797,143.60057067871094,136.06173706054688,G5056
2012-01-12,2012-01-12,113.29008,100.576584,83.32535,139.0814666748047,133.7364501953125,124.10089111328125,G5056
2012-01-16,2012-01-16,96.00299,83.39354,68.99932,133.5902099609375,126.77764892578125,113.51809692382812,G5056
2012-01-19,2012-01-19,83.21912,72.187035,60.22697,123.80045318603516,113.52499389648438,96.20931243896484,G5056
2012-01-23,2012-01-23,68.686386,60.11995,51.820797,113.29007720947266,100.57658386230469,83.32534790039062,G5056
2012-01-26,2012-01-26,60.03117,53.56295,47.636322,96.00299072265625,83.39353942871094,68.99932098388672,G5056
2012-01-30,2012-01-30,51.618458,47.610996,44.538765,83.2191162109375,72.1870346069336,60.22697067260742,G5056
2012-02-02,2012-02-02,47.543114,45.024048,43.366486,68.68638610839844,60.11994934082031,51.820796966552734,G5056
2012-02-06,2012-02-06,44.40099,43.305374,42.09641,60.03116989135742,53.562950134277344,47.636322021484375,G5056
2012-02-09,2012-02-09,43.29912,42.439236,41.06842,51.61845779418945,47.61099624633789,44.53876495361328,G5056
2012-02-13,2012-02-13,42.118153,41.080452,39.31941,47.543113708496094,45.0240478515625,43.366485595703125,G5056
2012-02-16,2012-02-16,41.082268,39.777935,37.87051,44.4009895324707,43.30537414550781,42.09640884399414,G5056
2012-02-20,2012-02-20,39.358624,37.980484,36.174244,43.29912185668945,42.43923568725586,41.06842041015625,G5056
2012-02-23,2012-02-23,37.940834,36.60749,34.052006,42.1181526184082,41.08045196533203,39.31940841674805,G5056
2012-02-27,2012-02-27,36.09199,33.779106,26.66985,41.08226776123047,39.77793502807617,37.87051010131836,G5056
2012-03-02,2012-03-02,31.407,27.02396,23.967646,39.35862350463867,37.98048400878906,36.17424392700195,G5056
2012-03-06,2012-03-06,25.729189,24.117893,23.48605,37.940834045410156,36.60749053955078,34.052005767822266,G5056
2012-03-09,2012-03-09,24.17898,23.454283,24.347164,36.09199142456055,33.77910614013672,29.960567474365234,G5056
2012-03-13,2012-03-13,23.64268,24.185173,26.45984,31.406999588012695,29.548734664916992,30.757736206054688,G5056
2012-03-16,2012-03-16,24.376904,25.74805,27.976856,29.273387908935547,29.830053329467773,30.757736206054688,G5056
2012-03-20,2012-03-20,26.194328,28.165726,29.960567,29.564695358276367,29.830053329467773,30.757736206054688,G5056
2012-03-23,2012-03-23,28.354088,29.548735,30.757736,29.564695358276367,29.830053329467773,30.757736206054688,G5056
2012-03-27,2012-03-27,29.273388,29.830053,23.280155,29.564695358276367,29.830053329467773,30.757736206054688,G5056
2012-03-30,2012-03-30,29.564695,26.020365,18.070438,29.564695358276367,29.830053329467773,30.757736206054688,G5056
2012-04-03,2012-04-03,24.641462,18.809252,14.493732,29.564695358276367,29.830053329467773,31.962169647216797,G5056
2012-04-06,2012-04-06,18.525898,15.29933,15.339206,29.564695358276367,32.957847595214844,65.06141662597656,G5056
2012-04-10,2012-04-10,15.223794,14.928249,21.96092,33.25473403930664,52.96977233886719,97.41626739501953,G5056
2012-04-13,2012-04-13,15.358697,19.501854,31.96217,63.225040435791016,95.99832153320312,145.82162475585938,G5056
2012-04-17,2012-04-17,21.77834,32.957848,65.06142,93.54663848876953,131.42416381835938,152.04159545898438,G5056
2012-04-20,2012-04-20,33.254734,52.969772,97.41627,136.25657653808594,144.432373046875,174.42967224121094,G5056
2012-04-24,2012-04-24,63.22504,95.99832,145.82162,143.4974365234375,162.4903564453125,216.32205200195312,G5056
2012-04-27,2012-04-27,93.54664,131.42416,152.0416,170.29815673828125,204.2229461669922,232.4553985595703,G5056
2012-05-01,2012-05-01,136.25658,144.43237,174.42967,210.0099334716797,224.169677734375,232.4553985595703,G5056
2012-05-04,2012-05-04,143.49744,162.49036,216.32205,236.81903076171875,233.2623291015625,241.85006713867188,G5056
2012-05-08,2012-05-08,170.29816,204.22295,232.4554,236.81903076171875,235.48342895507812,261.62066650390625,G5056
2012-05-11,2012-05-11,210.00993,224.16968,226.48268,236.81903076171875,243.3137664794922,271.45294189453125,G5056
2012-05-15,2012-05-15,236.81903,233.26233,241.85007,247.39361572265625,266.9593200683594,271.45294189453125,G5056
2012-05-18,2012-05-18,232.45827,235.48343,261.62067,274.1765441894531,267.6517333984375,271.45294189453125,G5056
2012-05-22,2012-05-22,232.36397,243.31377,271.45294,274.1765441894531,267.6517333984375,271.45294189453125,G5056
2012-05-25,2012-05-25,247.39362,266.95932,262.2184,274.1765441894531,267.6517333984375,271.45294189453125,G5056
2012-05-29,2012-05-29,274.17654,267.65173,241.20554,274.1765441894531,267.6517333984375,271.45294189453125,G5056
2012-06-01,2012-06-01,266.7489,248.12741,230.9842,274.1765441894531,267.6517333984375,271.45294189453125,G5056
2012-06-05,2012-06-05,241.45221,233.97507,217.80981,274.1765441894531,267.6517333984375,262.2184143066406,G5056
2012-06-08,2012-06-08,234.37253,227.93062,205.33922,274.1765441894531,267.6517333984375,241.20553588867188,G5056
2012-06-12,2012-06-12,209.455,198.8571,207.8255,266.7489013671875,248.12741088867188,230.9842071533203,G5056
2012-06-15,2012-06-15,190.74048,199.19653,207.93924,241.45220947265625,233.97506713867188,217.809814453125,G5056
2012-06-19,2012-06-19,203.85793,201.80783,198.26157,234.37252807617188,227.9306182861328,207.93923950195312,G5056
2012-06-22,2012-06-22,203.99532,201.51709,185.61247,209.4550018310547,201.80783081054688,207.93923950195312,G5056
2012-06-26,2012-06-26,192.41544,178.2702,165.29768,203.9953155517578,201.80783081054688,207.93923950195312,G5056
2012-06-29,2012-06-29,175.46648,160.96417,160.1321,203.9953155517578,201.80783081054688,198.26156616210938,G5056
2012-07-03,2012-07-03,156.33382,156.87727,168.1199,203.9953155517578,201.51708984375,197.51901245117188,G5056
2012-07-06,2012-07-06,151.0344,158.3182,182.89003,192.41543579101562,204.65740966796875,214.87559509277344,G5056
2012-07-10,2012-07-10,151.10362,164.7504,188.28586,196.76010131835938,207.24032592773438,270.29345703125,G5056
2012-07-13,2012-07-13,161.48973,183.28719,197.51901,212.7487030029297,255.65609741210938,326.038818359375,G5056
2012-07-17,2012-07-17,177.47371,204.65741,214.8756,259.08795166015625,317.445556640625,330.391357421875,G5056
2012-07-20,2012-07-20,196.7601,207.24033,270.29346,318.44873046875,321.2626037597656,334.5618591308594,G5056
2012-07-24,2012-07-24,212.7487,255.6561,326.03882,334.3871154785156,338.68463134765625,341.6645812988281,G5056
2012-07-27,2012-07-27,259.08795,317.44556,330.39136,334.3871154785156,338.68463134765625,341.6645812988281,G5056
2012-07-31,2012-07-31,318.44873,321.2626,334.56186,337.7804870605469,338.68463134765625,341.6645812988281,G5056
2012-08-03,2012-08-03,334.38712,338.68463,341.66458,337.7804870605469,338.68463134765625,341.6645812988281,G5056
2012-08-07,2012-08-07,329.97534,334.1275,321.53397,337.7804870605469,338.68463134765625,341.6645812988281,G5056
2012-08-10,2012-08-10,337.7805,335.59003,294.83716,337.7804870605469,338.68463134765625,341.6645812988281,G5056
2012-08-14,2012-08-14,319.29773,295.99255,269.44968,337.7804870605469,338.68463134765625,341.6645812988281,G5056
2012-08-17,2012-08-17,283.42715,278.36536,256.63153,337.7804870605469,335.59002685546875,321.5339660644531,G5056
2012-08-21,2012-08-21,254.1014,251.56433,269.41214,337.7804870605469,335.59002685546875,294.837158203125,G5056
2012-08-24,2012-08-24,244.17764,262.68753,267.1816,319.2977294921875,295.9925537109375,269.4496765136719,G5056
2012-08-28,2012-08-28,251.85718,256.71988,255.71347,283.4271545410156,278.3653564453125,269.4121398925781,G5056
2012-08-31,2012-08-31,251.84221,260.74255,265.7186,257.9615478515625,262.6875305175781,269.4121398925781,G5056
2012-09-04,2012-09-04,257.96155,256.68936,247.59111,257.9615478515625,262.6875305175781,273.24334716796875,G5056
2012-09-07,2012-09-07,242.65918,237.07442,237.8785,257.9615478515625,260.7425537109375,288.9130859375,G5056
2012-09-11,2012-09-11,225.84477,236.37059,255.98589,257.9615478515625,269.2684631347656,288.9130859375,G5056
2012-09-14,2012-09-14,223.07294,241.63753,273.24335,273.1815490722656,269.2684631347656,288.9130859375,G5056
2012-09-18,2012-09-18,246.85242,255.6018,288.9131,273.1815490722656,269.2684631347656,288.9130859375,G5056
2012-09-21,2012-09-21,250.6928,269.26846,279.52994,273.1815490722656,269.2684631347656,311.53704833984375,G5056
2012-09-25,2012-09-25,273.18155,264.81296,257.88388,273.1815490722656,296.1071472167969,327.3734436035156,G5056
2012-09-28,2012-09-28,269.1996,245.77837,265.56964,303.4393005371094,320.71392822265625,327.3734436035156,G5056
2012-10-02,2012-10-02,249.18684,258.06503,311.53705,317.9767761230469,320.71392822265625,427.3316955566406,G5056
2012-10-05,2012-10-05,255.79623,296.10715,327.37344,317.9767761230469,416.3410949707031,427.3316955566406,G5056
2012-10-09,2012-10-09,303.4393,320.71393,293.52264,412.757080078125,434.02532958984375,427.3316955566406,G5056
2012-10-12,2012-10-12,317.97678,308.3449,427.3317,412.757080078125,434.02532958984375,427.3316955566406,G5056
2012-10-16,2012-10-16,303.47397,416.3411,410.89258,412.757080078125,434.02532958984375,427.3316955566406,G5056
2012-10-19,2012-10-19,412.75708,434.02533,324.51282,412.757080078125,434.02532958984375,427.3316955566406,G5056
2012-10-23,2012-10-23,403.75763,321.82275,239.52437,412.757080078125,434.02532958984375,427.3316955566406,G5056
2012-10-26,2012-10-26,318.1033,251.95856,222.97292,412.757080078125,434.02532958984375,410.892578125,G5056
2012-10-30,2012-10-30,231.41486,221.46947,241.34282,412.757080078125,434.02532958984375,342.9078063964844,G5056
2012-11-02,2012-11-02,218.77135,233.4903,262.05707,403.75762939453125,341.38995361328125,350.7782287597656,G5056
2012-11-06,2012-11-06,238.83104,263.21576,316.258,338.5929870605469,350.4785461425781,350.7782287597656,G5056
2012-11-09,2012-11-09,259.3947,294.29758,342.9078,344.77508544921875,350.4785461425781,350.7782287597656,G5056
2012-11-13,2012-11-13,305.44977,341.38995,350.77823,344.77508544921875,350.4785461425781,350.7782287597656,G5056
2012-11-16,2012-11-16,338.593,350.47855,325.77808,344.77508544921875,350.4785461425781,350.7782287597656,G5056
2012-11-20,2012-11-20,344.7751,321.58163,312.1471,344.77508544921875,350.4785461425781,350.7782287597656,G5056
2012-11-23,2012-11-23,319.76416,311.7196,306.53775,344.77508544921875,350.4785461425781,350.7782287597656,G5056
2012-11-27,2012-11-27,307.90195,303.3667,278.2177,344.77508544921875,350.4785461425781,325.778076171875,G5056
2012-11-30,2012-11-30,302.283,286.22144,249.1103,344.77508544921875,321.5816345214844,312.1470947265625,G5056
2012-12-04,2012-12-04,276.8124,248.49924,223.78445,319.76416015625,311.7196044921875,306.5377502441406,G5056
2012-12-07,2012-12-07,247.94916,227.3225,211.99695,307.9019470214844,303.36669921875,278.21771240234375,G5056
2012-12-11,2012-12-11,222.42596,211.4995,193.4929,302.2829895019531,286.221435546875,249.1103057861328,G5056
2012-12-14,2012-12-14,210.58124,197.46494,181.37315,276.8124084472656,248.49923706054688,223.78445434570312,G5056
2012-12-18,2012-12-18,192.27298,180.7345,160.96953,247.94915771484375,227.32249450683594,211.9969482421875,G5056
2012-12-21,2012-12-21,180.22073,166.67781,143.52707,222.42596435546875,211.49949645996094,193.49290466308594,G5056
2012-12-25,2012-12-25,159.98077,142.70618,126.44611,210.58123779296875,197.46493530273438,181.37315368652344,G5056
2012-12-28,2012-12-28,141.68614,128.89017,123.283936,192.27297973632812,180.7344970703125,160.9695281982422,G5056
2013-01-02,2013-01-02,123.2366,122.5075,120.21214,180.22073364257812,166.6778106689453,143.52706909179688,G5056
2013-01-05,2013-01-05,122.3453,121.40193,114.183876,159.98077392578125,142.7061767578125,126.44611358642578,G5056
2013-01-09,2013-01-09,120.02053,114.07497,102.067375,141.68614196777344,128.89016723632812,123.283935546875,G5056
2013-01-12,2013-01-12,113.73716,105.00729,91.84867,123.23660278320312,122.50749969482422,120.21214294433594,G5056
2013-01-16,2013-01-16,101.5971,91.76669,80.574455,122.34529876708984,121.40193176269531,114.18387603759766,G5056
2013-01-19,2013-01-19,91.74054,82.82973,77.305,120.0205307006836,114.07496643066406,102.06737518310547,G5056
2013-01-23,2013-01-23,80.54714,77.2709,79.793686,113.7371597290039,105.00729370117188,91.84867095947266,G5056
2013-01-26,2013-01-26,77.29351,78.87714,81.31174,101.59709930419922,91.76669311523438,81.31173706054688,G5056
2013-01-30,2013-01-30,79.85804,81.578354,80.830734,91.74053955078125,82.82972717285156,81.31173706054688,G5056
2013-02-02,2013-02-02,81.3085,80.99905,77.42596,81.30850219726562,81.57835388183594,81.31173706054688,G5056
2013-02-06,2013-02-06,80.443146,77.37329,70.329735,81.30850219726562,81.57835388183594,81.31173706054688,G5056
2013-02-09,2013-02-09,77.42087,72.436485,64.32568,81.30850219726562,81.57835388183594,80.83073425292969,G5056
2013-02-13,2013-02-13,70.17742,64.08879,57.24661,81.30850219726562,80.9990463256836,77.42595672607422,G5056
2013-02-16,2013-02-16,64.02334,58.64978,54.32402,80.44314575195312,77.373291015625,70.3297348022461,G5056
2013-02-20,2013-02-20,57.138668,54.342064,54.773914,77.42086791992188,72.43648529052734,64.32568359375,G5056
2013-02-23,2013-02-23,54.210106,54.129166,56.332752,70.17742156982422,64.08879089355469,57.24660873413086,G5056
2013-02-27,2013-02-27,54.71754,56.25754,55.26849,64.0233383178711,58.6497802734375,56.3327522277832,G5056
2013-03-02,2013-03-02,56.36548,55.172844,54.28321,57.138668060302734,56.25754165649414,56.3327522277832,G5056
2013-03-06,2013-03-06,55.452168,54.592583,50.75545,56.365478515625,56.25754165649414,56.3327522277832,G5056
2013-03-09,2013-03-09,54.67878,52.445374,47.56732,56.365478515625,56.25754165649414,55.604671478271484,G5056
2013-03-13,2013-03-13,51.348457,47.995434,43.82944,56.365478515625,55.17284393310547,77.15296173095703,G5056
2013-03-16,2013-03-16,47.586143,43.81497,43.38101,55.45216751098633,76.79106140136719,94.65054321289062,G5056
2013-03-20,2013-03-20,42.783974,42.37097,55.60467,77.06707000732422,93.87471008300781,94.65054321289062,G5056
2013-03-23,2013-03-23,42.259747,50.20707,77.15296,94.0405502319336,93.87471008300781,94.65054321289062,G5056
2013-03-27,2013-03-27,55.262165,76.79106,94.65054,94.0405502319336,93.87471008300781,94.65054321289062,G5056
2013-03-30,2013-03-30,77.06707,93.87471,90.20158,94.0405502319336,93.87471008300781,94.65054321289062,G5056
2013-04-03,2013-04-03,94.04055,90.24745,89.68265,94.0405502319336,93.87471008300781,94.65054321289062,G5056
2013-04-06,2013-04-06,91.56429,89.45115,94.411964,94.0405502319336,93.87471008300781,94.65054321289062,G5056
2013-04-10,2013-04-10,89.938995,93.62526,88.22464,94.0405502319336,93.87471008300781,94.4119644165039,G5056
2013-04-13,2013-04-13,93.4507,90.59923,78.16671,94.0405502319336,93.62525939941406,94.4119644165039,G5056
2013-04-17,2013-04-17,88.85688,77.59888,67.825096,93.45069885253906,93.62525939941406,94.4119644165039,G5056
2013-04-20,2013-04-20,78.01564,69.759705,64.41877,93.45069885253906,93.62525939941406,88.22463989257812,G5056
2013-04-24,2013-04-24,68.03363,64.31054,60.99472,93.45069885253906,90.59922790527344,118.60423278808594,G5056
2013-04-27,2013-04-27,63.902695,61.45145,44.065624,88.85688018798828,119.1928939819336,197.4890594482422,G5056
2013-05-01,2013-05-01,61.14578,44.982124,58.923397,113.28160095214844,184.34385681152344,222.59617614746094,G5056
2013-05-04,2013-05-04,46.509586,49.1554,118.60423,194.572509765625,220.45791625976562,255.07217407226562,G5056
2013-05-08,2013-05-08,64.95058,119.192894,197.48906,214.00550842285156,237.2816162109375,265.4111022949219,G5056
2013-05-11,2013-05-11,113.2816,184.34386,222.59618,246.3780517578125,264.9120178222656,269.3096008300781,G5056
2013-05-15,2013-05-15,194.57251,220.45792,255.07217,270.1505126953125,265.70880126953125,269.3096008300781,G5056
2013-05-18,2013-05-18,214.00551,237.28162,265.4111,270.1505126953125,265.70880126953125,269.3096008300781,G5056
2013-05-22,2013-05-22,246.37805,264.91202,269.3096,270.1505126953125,265.70880126953125,269.3096008300781,G5056
2013-05-25,2013-05-25,270.1505,265.7088,245.46019,270.1505126953125,265.70880126953125,269.3096008300781,G5056
2013-05-29,2013-05-29,262.09613,245.28859,190.14926,270.1505126953125,265.70880126953125,269.3096008300781,G5056
2013-06-01,2013-06-01,241.69533,199.69882,161.06345,270.1505126953125,265.70880126953125,269.3096008300781,G5056
2013-06-05,2013-06-05,182.57188,154.38138,133.53215,270.1505126953125,265.70880126953125,245.46018981933594,G5056
2013-06-08,2013-06-08,156.77933,132.65208,129.03096,262.09613037109375,245.28858947753906,190.14926147460938,G5056
2013-06-12,2013-06-12,127.41931,130.96678,155.22345,241.69532775878906,199.69882202148438,161.06344604492188,G5056
2013-06-15,2013-06-15,126.38188,132.28914,128.99765,182.57188415527344,154.38137817382812,155.22344970703125,G5056
2013-06-19,2013-06-19,132.431,126.886665,124.08035,156.77932739257812,152.01571655273438,155.22344970703125,G5056
2013-06-22,2013-06-22,133.62823,130.63118,136.89526,142.43870544433594,152.01571655273438,155.22344970703125,G5056
2013-06-26,2013-06-26,129.21321,134.94182,148.55089,142.43870544433594,152.01571655273438,148.55088806152344,G5056
2013-06-29,2013-06-29,133.19585,152.01572,147.72784,142.43870544433594,152.01571655273438,151.14920043945312,G5056
2013-07-03,2013-07-03,142.4387,140.08124,131.74228,142.43870544433594,152.01571655273438,167.80165100097656,G5056
2013-07-06,2013-07-06,139.38702,133.67499,136.41765,142.4705810546875,161.8394775390625,199.9922637939453,G5056
2013-07-10,2013-07-10,130.29341,132.26408,151.1492,166.2711639404297,186.1525421142578,200.11318969726562,G5056
2013-07-13,2013-07-13,128.58466,143.1451,167.80165,191.03741455078125,186.1525421142578,200.11318969726562,G5056
2013-07-17,2013-07-17,142.47058,161.83948,199.99226,191.03741455078125,186.1525421142578,200.11318969726562,G5056
2013-07-20,2013-07-20,166.27116,186.15254,200.11319,191.03741455078125,186.1525421142578,200.11318969726562,G5056
2013-07-24,2013-07-24,191.03741,184.98212,163.59656,191.03741455078125,186.1525421142578,200.11318969726562,G5056
2013-07-27,2013-07-27,188.64609,179.57832,151.29895,191.03741455078125,186.1525421142578,200.11318969726562,G5056
2013-07-31,2013-07-31,158.9409,149.76152,141.59683,191.03741455078125,186.1525421142578,200.11318969726562,G5056
2013-08-03,2013-08-03,143.41748,133.41843,149.84354,191.03741455078125,184.98211669921875,175.67156982421875,G5056
2013-08-07,2013-08-07,131.09583,144.58101,172.16301,188.64608764648438,179.5783233642578,175.67156982421875,G5056
2013-08-10,2013-08-10,140.80194,161.73239,175.67157,171.00941467285156,176.0991668701172,175.67156982421875,G5056
2013-08-14,2013-08-14,171.00941,176.09917,174.30415,171.00941467285156,176.0991668701172,175.67156982421875,G5056
2013-08-17,2013-08-17,168.2682,169.63203,151.75227,171.00941467285156,176.0991668701172,187.44097900390625,G5056
2013-08-21,2013-08-21,155.78555,155.81444,161.9022,171.00941467285156,182.6529998779297,187.44097900390625,G5056
2013-08-24,2013-08-24,150.12427,160.46797,172.89241,186.21414184570312,183.26576232910156,187.44097900390625,G5056
2013-08-28,2013-08-28,152.23193,162.16782,187.44098,186.21414184570312,183.26576232910156,187.44097900390625,G5056
2013-08-31,2013-08-31,162.34702,182.653,187.33658,186.21414184570312,183.26576232910156,187.44097900390625,G5056
2013-09-04,2013-09-04,186.21414,183.26576,154.80322,186.21414184570312,183.26576232910156,194.8938446044922,G5056
2013-09-07,2013-09-07,182.96436,156.53355,146.12254,186.21414184570312,189.18646240234375,194.8938446044922,G5056
2013-09-11,2013-09-11,154.99251,147.18022,180.27707,186.21414184570312,189.18646240234375,194.8938446044922,G5056
2013-09-14,2013-09-14,147.00523,167.57684,194.89384,186.21414184570312,189.18646240234375,194.8938446044922,G5056
2013-09-18,2013-09-18,171.45746,189.18646,183.97125,182.96435546875,189.18646240234375,194.8938446044922,G5056
2013-09-21,2013-09-21,180.69905,175.27072,159.05266,180.6990509033203,189.18646240234375,197.78599548339844,G5056
2013-09-25,2013-09-25,167.11855,157.92186,163.25392,180.6990509033203,189.18646240234375,226.3899688720703,G5056
2013-09-28,2013-09-28,149.5992,152.88052,173.87274,181.67832946777344,208.0766143798828,228.55726623535156,G5056
2013-10-02,2013-10-02,151.25317,164.17332,197.786,212.62655639648438,227.0585479736328,234.18856811523438,G5056
2013-10-05,2013-10-05,158.7456,176.78896,226.38997,221.6653594970703,227.0585479736328,234.18856811523438,G5056
2013-10-09,2013-10-09,181.67833,208.07661,228.55727,221.6653594970703,227.0585479736328,234.18856811523438,G5056
2013-10-12,2013-10-12,212.62656,227.05855,234.18857,221.6653594970703,227.0585479736328,234.18856811523438,G5056
2013-10-16,2013-10-16,221.66536,217.71445,220.4492,221.6653594970703,227.0585479736328,234.18856811523438,G5056
2013-10-19,2013-10-19,219.94882,216.67479,224.55124,221.6653594970703,227.0585479736328,234.18856811523438,G5056
2013-10-23,2013-10-23,210.35951,218.39462,221.06711,221.6653594970703,227.0585479736328,234.18856811523438,G5056
2013-10-26,2013-10-26,216.61441,215.99646,205.05363,221.6653594970703,218.39462280273438,224.55123901367188,G5056
2013-10-30,2013-10-30,209.18387,203.18347,210.76338,219.94882202148438,218.39462280273438,275.6982421875,G5056
2013-11-02,2013-11-02,200.5282,207.46677,211.87848,216.61441040039062,271.2423095703125,418.6950378417969,G5056
2013-11-06,2013-11-06,205.61264,208.93828,213.31227,269.26971435546875,374.2063293457031,525.2189331054688,G5056
2013-11-09,2013-11-09,207.52806,208.25447,275.69824,408.2191162109375,504.3467712402344,525.2189331054688,G5056
2013-11-13,2013-11-13,209.04745,271.2423,418.69504,502.14501953125,504.3467712402344,525.2189331054688,G5056
2013-11-16,2013-11-16,269.2697,374.20633,525.21893,502.14501953125,504.3467712402344,525.2189331054688,G5056
2013-11-20,2013-11-20,408.21912,504.34677,455.2831,502.14501953125,504.3467712402344,525.2189331054688,G5056
2013-11-23,2013-11-23,502.14502,476.12888,384.69003,502.14501953125,504.3467712402344,525.2189331054688,G5056
2013-11-27,2013-11-27,449.5699,383.28827,334.36594,502.14501953125,504.3467712402344,525.2189331054688,G5056
2013-11-30,2013-11-30,381.66998,341.72345,306.06778,502.14501953125,504.3467712402344,455.2831115722656,G5056
2013-12-04,2013-12-04,331.94858,305.22144,261.04,502.14501953125,476.1288757324219,384.6900329589844,G5056
2013-12-07,2013-12-07,304.67554,272.43185,226.40369,449.56988525390625,383.28826904296875,334.3659362792969,G5056
2013-12-11,2013-12-11,259.88184,225.75952,189.30147,381.66998291015625,341.72344970703125,306.0677795410156,G5056
2013-12-14,2013-12-14,224.54663,196.20967,168.43808,331.9485778808594,305.221435546875,261.0400085449219,G5056
2013-12-18,2013-12-18,187.46631,168.12938,148.09222,304.675537109375,272.4318542480469,226.4036865234375,G5056
2013-12-21,2013-12-21,167.12587,152.21631,136.08974,259.8818359375,225.759521484375,189.3014678955078,G5056
2013-12-25,2013-12-25,146.57735,135.43512,122.29812,224.546630859375,196.2096710205078,168.43807983398438,G5056
2013-12-28,2013-12-28,134.66608,125.329216,114.12508,187.46630859375,168.12937927246094,148.09222412109375,G5056
2014-01-02,2014-01-02,118.16097,110.327065,97.4546,167.12586975097656,152.21630859375,136.08973693847656,G5056
2014-01-05,2014-01-05,110.173134,100.58866,87.82411,146.5773468017578,135.43511962890625,122.2981185913086,G5056
2014-01-09,2014-01-09,97.16117,87.68491,76.29189,134.66607666015625,125.32921600341797,114.12507629394531,G5056
2014-01-12,2014-01-12,87.50905,78.861855,69.28537,118.16097259521484,110.32706451416016,97.45459747314453,G5056
2014-01-16,2014-01-16,76.0385,69.16729,61.728096,110.17313385009766,100.58866119384766,87.82411193847656,G5056
2014-01-19,2014-01-19,68.96839,63.382305,57.190113,97.16117095947266,87.6849136352539,76.2918930053711,G5056
2014-01-23,2014-01-23,61.47502,57.025448,51.86162,87.50904846191406,78.86185455322266,69.28536987304688,G5056
2014-01-26,2014-01-26,56.990383,53.060844,48.443035,76.03849792480469,69.16728973388672,61.72809600830078,G5056
2014-01-30,2014-01-30,51.780167,48.468277,44.910378,68.96839141845703,63.38230514526367,57.19011306762695,G5056
2014-02-02,2014-02-02,48.440014,45.658783,42.98667,61.47502136230469,57.025447845458984,51.86162185668945,G5056
2014-02-06,2014-02-06,44.79845,42.991688,42.37362,56.99038314819336,53.06084442138672,49.25259017944336,G5056
2014-02-09,2014-02-09,42.913544,42.261383,42.779892,51.78016662597656,49.163875579833984,54.77078628540039,G5056
2014-02-13,2014-02-13,42.19723,42.68596,45.099422,49.13595962524414,53.81714630126953,54.843955993652344,G5056
2014-02-16,2014-02-16,42.607315,44.059834,49.25259,54.841217041015625,54.809654235839844,54.843955993652344,G5056
2014-02-20,2014-02-20,44.92471,49.163876,54.770786,54.841217041015625,54.809654235839844,54.843955993652344,G5056
2014-02-23,2014-02-23,49.13596,53.817146,54.843956,54.841217041015625,54.809654235839844,54.843955993652344,G5056
2014-02-27,2014-02-27,54.841217,54.809654,47.015022,54.841217041015625,54.809654235839844,54.843955993652344,G5056
2014-03-02,2014-03-02,54.725044,48.80682,41.860798,54.841217041015625,54.809654235839844,54.843955993652344,G5056
2014-03-06,2014-03-06,47.22933,42.269413,37.27289,54.841217041015625,54.809654235839844,54.843955993652344,G5056
2014-03-09,2014-03-09,40.835438,36.822697,35.23059,54.841217041015625,54.809654235839844,47.01502227783203,G5056
2014-03-13,2014-03-13,36.06647,35.30676,35.756763,54.72504425048828,48.806819915771484,41.86079788208008,G5056
2014-03-16,2014-03-16,34.3589,34.39972,35.5363,47.22932815551758,42.269412994384766,42.61965560913086,G5056
2014-03-20,2014-03-20,34.194683,35.483223,37.00651,40.8354377746582,43.12302780151367,46.59552001953125,G5056
2014-03-23,2014-03-23,34.72571,36.23018,39.520176,42.63121032714844,46.116790771484375,46.59552001953125,G5056
2014-03-27,2014-03-27,36.703648,39.403038,42.619656,45.727561950683594,46.14752960205078,46.59552001953125,G5056
2014-03-30,2014-03-30,39.37135,43.123028,46.59552,45.727561950683594,46.14752960205078,46.59552001953125,G5056
2014-04-03,2014-04-03,42.63121,46.11679,46.031223,45.727561950683594,46.14752960205078,46.59552001953125,G5056
2014-04-06,2014-04-06,45.727562,46.14753,40.64273,45.727561950683594,46.14752960205078,120.7020492553711,G5056
2014-04-10,2014-04-10,42.812683,39.009495,36.15415,45.727561950683594,87.13243103027344,180.13246154785156,G5056
2014-04-13,2014-04-13,37.15806,33.07878,38.571815,113.07392883300781,184.4896240234375,426.75592041015625,G5056
2014-04-17,2014-04-17,33.386074,40.332417,120.70205,181.96180725097656,341.74761962890625,438.3662414550781,G5056
2014-04-20,2014-04-20,36.771767,87.13243,180.13246,422.4443054199219,434.8145446777344,438.3662414550781,G5056
2014-04-24,2014-04-24,113.07393,184.48962,426.75592,430.962646484375,434.8145446777344,438.3662414550781,G5056
2014-04-27,2014-04-27,181.9618,341.74762,438.36624,430.962646484375,434.8145446777344,438.3662414550781,G5056
2014-05-01,2014-05-01,422.4443,434.81454,292.58218,430.962646484375,434.8145446777344,438.3662414550781,G5056
2014-05-04,2014-05-04,430.96265,316.66803,239.82634,430.962646484375,434.8145446777344,438.3662414550781,G5056
2014-05-08,2014-05-08,286.57977,235.2974,211.15276,430.962646484375,434.8145446777344,438.3662414550781,G5056
2014-05-11,2014-05-11,235.98766,208.79718,202.23077,430.962646484375,434.8145446777344,292.5821838378906,G5056
2014-05-15,2014-05-15,202.9966,197.385,222.06673,430.962646484375,316.66802978515625,251.54808044433594,G5056
2014-05-18,2014-05-18,200.68031,210.24985,251.54808,286.57977294921875,256.9351806640625,251.54808044433594,G5056
2014-05-22,2014-05-22,217.76033,256.93518,245.82074,250.7747344970703,256.9351806640625,251.54808044433594,G5056
2014-05-25,2014-05-25,250.77473,248.41966,227.2463,250.7747344970703,256.9351806640625,251.54808044433594,G5056
2014-05-29,2014-05-29,243.80844,229.58815,203.60715,250.7747344970703,256.9351806640625,251.54808044433594,G5056
2014-06-01,2014-06-01,222.07808,204.20155,184.68697,250.7747344970703,256.9351806640625,245.82073974609375,G5056
2014-06-05,2014-06-05,191.35074,172.9722,176.78369,250.7747344970703,248.41966247558594,227.24630737304688,G5056
2014-06-08,2014-06-08,172.2396,174.99237,172.68805,243.80844116210938,229.58815002441406,222.57798767089844,G5056
2014-06-12,2014-06-12,165.40617,170.21327,163.00276,222.0780792236328,204.20155334472656,227.49932861328125,G5056
2014-06-15,2014-06-15,161.25809,155.58481,165.6707,204.0118408203125,225.28622436523438,227.49932861328125,G5056
2014-06-19,2014-06-19,147.43794,174.61966,222.57799,217.0057373046875,225.28622436523438,227.49932861328125,G5056
2014-06-22,2014-06-22,165.54109,202.84741,227.49933,217.0057373046875,225.28622436523438,227.49932861328125,G5056
2014-06-26,2014-06-26,204.01184,225.28622,219.33893,217.0057373046875,225.28622436523438,227.49932861328125,G5056
2014-06-29,2014-06-29,217.00574,221.00479,204.23419,217.0057373046875,225.28622436523438,227.49932861328125,G5056
2014-07-03,2014-07-03,200.26999,184.41986,158.89032,217.0057373046875,225.28622436523438,227.49932861328125,G5056
2014-07-06,2014-07-06,172.2049,170.67941,151.1646,217.0057373046875,225.28622436523438,219.33892822265625,G5056
2014-07-10,2014-07-10,151.31631,136.75702,117.42776,217.0057373046875,221.00479125976562,204.23419189453125,G5056
2014-07-13,2014-07-13,125.51938,106.652016,94.6421,200.26998901367188,184.41986083984375,165.220703125,G5056
2014-07-17,2014-07-17,95.75599,97.68413,136.92369,172.20489501953125,170.67941284179688,166.3737335205078,G5056
2014-07-20,2014-07-20,92.96288,116.538124,154.66112,152.3946075439453,167.15049743652344,171.20460510253906,G5056
2014-07-24,2014-07-24,125.07451,150.16342,165.2207,165.9119415283203,168.0096435546875,172.9330596923828,G5056
2014-07-27,2014-07-27,152.3946,159.56485,166.37373,170.49574279785156,168.0096435546875,172.9330596923828,G5056
2014-07-31,2014-07-31,151.15298,167.1505,171.2046,170.49574279785156,168.0096435546875,172.9330596923828,G5056
2014-08-03,2014-08-03,165.91194,168.00964,172.93306,170.49574279785156,168.0096435546875,172.9330596923828,G5056
2014-08-07,2014-08-07,170.49574,163.95306,153.81526,170.49574279785156,168.0096435546875,175.3484344482422,G5056
2014-08-10,2014-08-10,168.02861,158.97633,152.29355,170.49574279785156,171.6691131591797,206.1738739013672,G5056
2014-08-14,2014-08-14,142.08418,135.94234,148.94751,170.49574279785156,198.47756958007812,206.1738739013672,G5056
2014-08-17,2014-08-17,129.63107,139.10547,175.34843,204.59732055664062,198.47756958007812,206.1738739013672,G5056
2014-08-21,2014-08-21,141.09262,171.66911,206.17387,204.59732055664062,198.47756958007812,206.1738739013672,G5056
2014-08-24,2014-08-24,169.11133,198.47757,196.9333,204.59732055664062,198.47756958007812,209.18069458007812,G5056
2014-08-28,2014-08-28,204.59732,198.09537,185.66118,204.59732055664062,198.47756958007812,222.7632293701172,G5056
2014-08-31,2014-08-31,195.2989,184.65335,197.4426,204.59732055664062,201.69290161132812,222.7632293701172,G5056
2014-09-04,2014-09-04,171.92862,176.85931,209.1807,204.59732055664062,201.9164276123047,222.7632293701172,G5056
2014-09-07,2014-09-07,167.62099,186.66002,222.76323,204.59732055664062,201.9164276123047,222.7632293701172,G5056
2014-09-11,2014-09-11,184.20583,201.6929,211.24867,196.16026306152344,201.9164276123047,222.7632293701172,G5056
2014-09-14,2014-09-14,195.76007,201.91643,190.59744,196.16026306152344,201.9164276123047,222.7632293701172,G5056
2014-09-18,2014-09-18,196.16026,184.307,175.6856,196.16026306152344,201.9164276123047,222.7632293701172,G5056
2014-09-21,2014-09-21,179.78708,164.73831,146.96791,196.16026306152344,201.9164276123047,211.24867248535156,G5056
2014-09-25,2014-09-25,175.57898,155.16542,157.16867,196.16026306152344,201.9164276123047,190.59744262695312,G5056
2014-09-28,2014-09-28,151.1293,143.81122,170.41685,196.16026306152344,184.3070068359375,235.49085998535156,G5056
2014-10-02,2014-10-02,145.38087,164.50932,177.0341,179.78707885742188,200.6040496826172,303.39398193359375,G5056
2014-10-05,2014-10-05,160.08101,171.6644,171.20992,227.1720428466797,296.5780944824219,313.510986328125,G5056
2014-10-09,2014-10-09,171.97469,170.66298,235.49086,291.92706298828125,312.155517578125,313.510986328125,G5056
2014-10-12,2014-10-12,169.74577,200.60405,303.39398,300.08770751953125,312.155517578125,313.510986328125,G5056
2014-10-16,2014-10-16,227.17204,296.5781,313.511,300.08770751953125,312.155517578125,337.7132568359375,G5056
2014-10-19,2014-10-19,291.92706,312.15552,301.69257,300.08770751953125,330.7318115234375,340.0970764160156,G5056
2014-10-23,2014-10-23,300.0877,291.78604,300.01736,326.3039855957031,344.9093933105469,340.60357666015625,G5056
2014-10-26,2014-10-26,285.02722,296.1459,337.71326,338.5963439941406,344.9093933105469,340.60357666015625,G5056
2014-10-30,2014-10-30,293.3662,330.7318,340.09708,338.5963439941406,344.9093933105469,340.60357666015625,G5056
2014-11-02,2014-11-02,326.304,344.9094,340.60358,338.5963439941406,344.9093933105469,340.60357666015625,G5056
2014-11-06,2014-11-06,338.59634,336.90976,327.43417,338.5963439941406,344.9093933105469,340.60357666015625,G5056
2014-11-09,2014-11-09,336.00705,334.8094,281.7373,338.5963439941406,344.9093933105469,340.60357666015625,G5056
2014-11-13,2014-11-13,322.21606,278.2398,226.7237,338.5963439941406,344.9093933105469,340.60357666015625,G5056
2014-11-16,2014-11-16,276.75336,236.48895,206.62007,338.5963439941406,336.9097595214844,327.4341735839844,G5056
2014-11-20,2014-11-20,223.12236,203.60802,195.55191,336.0070495605469,334.80938720703125,281.7373046875,G5056
2014-11-23,2014-11-23,200.93481,191.30165,198.37628,322.216064453125,278.23980712890625,230.76048278808594,G5056
2014-11-27,2014-11-27,188.19624,196.0087,222.88705,276.75335693359375,236.48895263671875,230.76048278808594,G5056
2014-11-30,2014-11-30,192.626,214.32155,230.76048,228.39541625976562,229.22808837890625,230.76048278808594,G5056
2014-12-04,2014-12-04,219.4033,229.22809,212.64682,228.39541625976562,229.22808837890625,230.76048278808594,G5056
2014-12-07,2014-12-07,228.39542,218.19061,191.6912,228.39541625976562,229.22808837890625,230.76048278808594,G5056
2014-12-11,2014-12-11,210.88145,190.72946,168.63737,228.39541625976562,229.22808837890625,230.76048278808594,G5056
2014-12-14,2014-12-14,190.11243,173.25992,152.3607,228.39541625976562,229.22808837890625,212.64682006835938,G5056
2014-12-18,2014-12-18,166.54887,151.48628,130.63147,228.39541625976562,218.19061279296875,191.69119262695312,G5056
2014-12-21,2014-12-21,150.53691,135.21355,116.81722,210.88145446777344,190.72946166992188,168.6373748779297,G5056
2014-12-25,2014-12-25,128.79553,116.331215,102.15715,190.1124267578125,173.25991821289062,152.36070251464844,G5056
2014-12-28,2014-12-28,115.77568,105.127266,94.569984,166.5488739013672,151.4862823486328,130.6314697265625,G5056
2015-01-02,2015-01-02,98.03584,91.62293,83.378654,150.5369110107422,135.2135467529297,116.81722259521484,G5056
2015-01-05,2015-01-05,91.461296,85.21895,77.55679,128.7955322265625,116.33121490478516,102.15715026855469,G5056
2015-01-09,2015-01-09,83.12279,77.40021,70.32658,115.77568054199219,105.12726593017578,94.56998443603516,G5056
2015-01-12,2015-01-12,77.34607,72.041695,64.87012,98.03584289550781,91.62293243408203,83.37865447998047,G5056
2015-01-16,2015-01-16,70.156685,64.8508,58.200256,91.46129608154297,85.21894836425781,77.55679321289062,G5056
2015-01-19,2015-01-19,64.75912,59.87189,53.92851,83.12278747558594,77.40020751953125,70.32657623291016,G5056
2015-01-23,2015-01-23,58.12825,53.93237,48.85512,77.3460693359375,72.04169464111328,64.8701171875,G5056
2015-01-26,2015-01-26,53.813293,49.938526,45.562424,70.15668487548828,64.85079956054688,58.20025634765625,G5056
2015-01-30,2015-01-30,48.791355,45.639053,42.284843,64.75911712646484,59.871891021728516,53.92850875854492,G5056
2015-02-02,2015-02-02,45.674507,43.140656,40.646523,58.12825012207031,53.932369232177734,48.85512161254883,G5056
2015-02-06,2015-02-06,42.360825,40.61593,39.565876,53.81329345703125,49.93852615356445,45.56242370605469,G5056
2015-02-09,2015-02-09,40.689297,39.78106,39.64534,48.79135513305664,45.63905334472656,42.28484344482422,G5056
2015-02-13,2015-02-13,39.643646,39.749645,40.57421,45.67450714111328,43.140655517578125,40.78754806518555,G5056
2015-02-16,2015-02-16,39.70939,40.550587,40.787548,42.36082458496094,40.65361022949219,40.78754806518555,G5056
2015-02-20,2015-02-20,40.58233,40.65361,39.685284,40.68929672241211,40.65361022949219,40.78754806518555,G5056
2015-02-23,2015-02-23,40.61013,39.99666,37.667545,40.610130310058594,40.65361022949219,40.78754806518555,G5056
2015-02-27,2015-02-27,39.57288,37.639942,32.135067,40.610130310058594,40.65361022949219,40.78754806518555,G5056
2015-03-02,2015-03-02,37.61819,33.550133,29.211332,40.610130310058594,40.65361022949219,39.68528366088867,G5056
2015-03-06,2015-03-06,32.009308,29.443047,25.46733,40.610130310058594,39.99665832519531,37.667545318603516,G5056
2015-03-09,2015-03-09,29.544474,26.377304,24.749786,39.572879791259766,37.63994216918945,32.135066986083984,G5056
2015-03-13,2015-03-13,25.207901,24.497461,25.411777,37.61819076538086,33.550132751464844,29.211332321166992,G5056
2015-03-16,2015-03-16,24.098694,24.520683,26.404257,32.009307861328125,29.44304656982422,27.641294479370117,G5056
2015-03-20,2015-03-20,24.275404,25.718735,27.641294,29.54447364807129,26.925628662109375,27.641294479370117,G5056
2015-03-23,2015-03-23,25.296335,26.639984,27.286442,26.645709991455078,26.925628662109375,27.641294479370117,G5056
2015-03-27,2015-03-27,26.563284,26.925629,25.423618,26.645709991455078,26.925628662109375,53.55377197265625,G5056
2015-03-30,2015-03-30,26.64571,26.168879,21.648552,26.645709991455078,50.39187240600586,126.99266052246094,G5056
2015-04-03,2015-04-03,23.744741,20.10703,24.56177,49.83736801147461,105.62894439697266,173.71591186523438,G5056
2015-04-06,2015-04-06,19.57059,21.488623,53.553772,126.4044418334961,172.56240844726562,182.91714477539062,G5056
2015-04-10,2015-04-10,22.595938,50.391872,126.99266,172.92689514160156,184.45864868164062,182.91714477539062,G5056
2015-04-13,2015-04-13,49.837368,105.628944,173.71591,182.1062774658203,184.45864868164062,182.91714477539062,G5056
2015-04-17,2015-04-17,126.40444,172.56241,182.91714,182.1062774658203,184.45864868164062,182.91714477539062,G5056
2015-04-20,2015-04-20,172.9269,184.45865,163.28932,182.1062774658203,184.45864868164062,182.91714477539062,G5056
2015-04-24,2015-04-24,182.10628,163.005,122.73349,182.1062774658203,184.45864868164062,182.91714477539062,G5056
2015-04-27,2015-04-27,165.13768,134.60262,86.21314,182.1062774658203,184.45864868164062,182.91714477539062,G5056
2015-05-01,2015-05-01,123.29833,85.31913,75.12838,182.1062774658203,184.45864868164062,163.28932189941406,G5056
2015-05-04,2015-05-04,86.63117,77.769844,96.70033,182.1062774658203,163.0050048828125,157.83316040039062,G5056
2015-05-08,2015-05-08,78.08298,98.56833,108.12115,165.13768005371094,149.322021484375,189.57937622070312,G5056
2015-05-11,2015-05-11,96.04341,106.69727,122.1491,158.60643005371094,192.5187225341797,218.07400512695312,G5056
2015-05-15,2015-05-15,106.24482,125.95567,157.83316,191.5683135986328,217.07952880859375,218.07400512695312,G5056
2015-05-18,2015-05-18,121.89611,149.32202,189.57938,215.878662109375,217.07952880859375,218.07400512695312,G5056
2015-05-22,2015-05-22,158.60643,192.51872,218.074,215.878662109375,217.07952880859375,218.07400512695312,G5056
2015-05-25,2015-05-25,191.56831,217.07953,216.4253,215.878662109375,217.07952880859375,218.07400512695312,G5056
2015-05-29,2015-05-29,215.87866,214.66606,189.02945,215.878662109375,217.07952880859375,218.07400512695312,G5056
2015-06-01,2015-06-01,211.22678,197.56067,176.04564,215.878662109375,217.07952880859375,244.2567596435547,G5056
2015-06-05,2015-06-05,186.90965,183.01558,194.53465,215.878662109375,230.3932342529297,244.2567596435547,G5056
2015-06-08,2015-06-08,180.32986,189.4269,208.33734,233.07530212402344,241.71287536621094,244.2567596435547,G5056
2015-06-12,2015-06-12,183.48029,207.61543,244.25676,233.07530212402344,241.71287536621094,244.2567596435547,G5056
2015-06-15,2015-06-15,204.60483,230.39323,242.1643,233.07530212402344,241.71287536621094,244.2567596435547,G5056
2015-06-19,2015-06-19,233.0753,241.71288,223.32286,233.07530212402344,241.71287536621094,244.2567596435547,G5056
2015-06-22,2015-06-22,231.75615,218.92567,208.67186,233.07530212402344,241.71287536621094,244.2567596435547,G5056
2015-06-26,2015-06-26,206.21698,207.02759,218.71315,233.07530212402344,241.71287536621094,242.164306640625,G5056
2015-06-29,2015-06-29,202.96162,214.68849,201.4843,233.07530212402344,241.71287536621094,223.32286071777344,G5056
2015-07-03,2015-07-03,220.67152,203.29897,171.82785,231.7561492919922,218.92567443847656,218.71315002441406,G5056
2015-07-06,2015-07-06,200.90529,173.79234,136.16188,220.67152404785156,214.68849182128906,218.71315002441406,G5056
2015-07-10,2015-07-10,146.96075,126.629616,113.378586,220.67152404785156,214.68849182128906,201.4842987060547,G5056
2015-07-13,2015-07-13,113.39241,102.72978,95.06772,220.67152404785156,203.29896545410156,171.82785034179688,G5056
2015-07-17,2015-07-17,101.916695,96.10987,89.1737,200.90528869628906,173.79234313964844,136.16188049316406,G5056
2015-07-20,2015-07-20,97.46624,96.27456,83.10795,146.96075439453125,126.6296157836914,113.37858581542969,G5056
2015-07-24,2015-07-24,88.22381,80.90106,77.82641,113.39241027832031,102.72978210449219,117.18853759765625,G5056
2015-07-27,2015-07-27,77.63696,72.93027,82.229095,104.34977722167969,129.60693359375,137.20712280273438,G5056
2015-07-31,2015-07-31,71.1375,80.14234,106.38175,121.14232635498047,131.6221466064453,137.20712280273438,G5056
2015-08-03,2015-08-03,69.14181,89.64752,117.18854,122.1570053100586,131.6221466064453,137.20712280273438,G5056
2015-08-07,2015-08-07,104.34978,129.60693,137.20712,122.1570053100586,131.6221466064453,137.20712280273438,G5056
2015-08-10,2015-08-10,121.14233,131.62215,115.60618,122.1570053100586,131.6221466064453,137.20712280273438,G5056
2015-08-14,2015-08-14,122.157005,112.33339,93.000755,122.1570053100586,131.6221466064453,137.20712280273438,G5056
2015-08-17,2015-08-17,109.77514,94.566986,70.94298,122.1570053100586,131.6221466064453,137.20712280273438,G5056
2015-08-21,2015-08-21,91.24211,65.68447,45.334198,122.1570053100586,131.6221466064453,115.6061782836914,G5056
2015-08-24,2015-08-24,64.32714,54.10702,35.699596,122.1570053100586,112.33338928222656,93.0007553100586,G5056
2015-08-28,2015-08-28,44.976807,34.52519,25.682886,109.77513885498047,94.56698608398438,70.94297790527344,G5056
2015-08-31,2015-08-31,30.189196,24.723215,26.537382,91.24211120605469,65.6844711303711,45.334197998046875,G5056
2015-09-04,2015-09-04,22.744081,27.939274,33.031418,64.32714080810547,54.10702133178711,35.6995964050293,G5056
2015-09-07,2015-09-07,22.020506,27.71465,25.29406,44.976806640625,34.52518844604492,33.03141784667969,G5056
2015-09-11,2015-09-11,27.07636,23.79365,20.660889,30.18919563293457,27.939273834228516,33.03141784667969,G5056
2015-09-14,2015-09-14,24.791767,20.26071,21.666197,27.07636070251465,27.939273834228516,33.03141784667969,G5056
2015-09-18,2015-09-18,15.581838,15.755947,22.496582,27.07636070251465,27.714649200439453,25.29405975341797,G5056
2015-09-21,2015-09-21,12.567884,18.706196,20.95437,27.07636070251465,23.793649673461914,22.49658203125,G5056
2015-09-25,2015-09-25,12.750149,17.082426,12.984249,24.791767120361328,20.260709762573242,22.49658203125,G5056
2015-09-28,2015-09-28,9.705561,5.5144453,5.2672477,15.58183765411377,18.706195831298828,22.49658203125,G5056
2015-10-02,2015-10-02,2.4236603,1.8217993,1.7342995,12.75014877319336,18.706195831298828,20.954370498657227,G5056
2015-10-05,2015-10-05,1.4846492,0.8998206,1.149288,12.75014877319336,17.082426071166992,48.08264923095703,G5056
2015-10-09,2015-10-09,0.3421851,0.31990805,2.6625693,9.705560684204102,33.36826705932617,73.48112487792969,G5056
2015-10-12,2015-10-12,0.22452179,0.9280208,15.654159,38.96436309814453,66.40637969970703,112.36945343017578,G5056
2015-10-16,2015-10-16,1.2537601,10.25901,48.08265,65.89383697509766,99.41067504882812,156.28372192382812,G5056
2015-10-19,2015-10-19,8.0872755,33.368267,73.481125,103.05496978759766,151.72657775878906,221.01123046875,G5056
2015-10-23,2015-10-23,38.964363,66.40638,112.36945,147.03085327148438,201.20310974121094,238.9684295654297,G5056
2015-10-26,2015-10-26,65.89384,99.410675,156.28372,210.8236846923828,235.1238555908203,273.5260925292969,G5056
2015-10-30,2015-10-30,103.05497,151.72658,221.01123,231.2265625,258.0653076171875,306.9053649902344,G5056
2015-11-02,2015-11-02,147.03085,201.20311,238.96843,264.90386962890625,303.1163330078125,348.3699035644531,G5056
2015-11-06,2015-11-06,210.82368,235.12386,273.5261,299.8611145019531,341.8741760253906,348.3699035644531,G5056
2015-11-09,2015-11-09,231.22656,258.0653,306.90536,342.33721923828125,341.8741760253906,348.3699035644531,G5056
2015-11-13,2015-11-13,264.90387,303.11633,348.3699,342.33721923828125,341.8741760253906,348.3699035644531,G5056
2015-11-16,2015-11-16,299.8611,341.87418,334.06046,342.33721923828125,341.8741760253906,348.3699035644531,G5056
2015-11-20,2015-11-20,342.33722,329.9773,307.13382,342.33721923828125,341.8741760253906,348.3699035644531,G5056
2015-11-23,2015-11-23,327.47244,307.40207,299.93304,342.33721923828125,341.8741760253906,348.3699035644531,G5056
2015-11-27,2015-11-27,302.37277,297.05243,272.9017,342.33721923828125,341.8741760253906,334.0604553222656,G5056
2015-11-30,2015-11-30,294.74323,280.47617,237.69403,342.33721923828125,329.977294921875,307.1338195800781,G5056
2015-12-04,2015-12-04,269.67657,236.10132,202.92346,327.4724426269531,307.4020690917969,299.93304443359375,G5056
2015-12-07,2015-12-07,235.21318,207.52315,209.65445,302.3727722167969,297.05242919921875,272.9017028808594,G5056
2015-12-11,2015-12-11,202.01677,208.4514,234.27429,294.74322509765625,280.4761657714844,237.69403076171875,G5056
2015-12-14,2015-12-14,207.04652,229.174,232.97687,269.67657470703125,236.101318359375,234.2742919921875,G5056
2015-12-18,2015-12-18,231.20474,231.79077,221.08974,235.2131805419922,231.790771484375,234.2742919921875,G5056
2015-12-21,2015-12-21,230.52612,225.10513,200.19191,231.20474243164062,231.790771484375,234.2742919921875,G5056
2015-12-25,2015-12-25,219.19801,199.11006,166.09378,231.20474243164062,231.790771484375,232.97686767578125,G5056
2015-12-28,2015-12-28,198.03987,173.62192,146.56746,231.20474243164062,231.790771484375,221.08973693847656,G5056
2016-01-02,2016-01-02,156.92609,140.6114,128.61382,230.526123046875,225.10513305664062,200.19190979003906,G5056
2016-01-05,2016-01-05,140.33719,130.5745,122.1995,219.19801330566406,199.1100616455078,166.09378051757812,G5056
2016-01-09,2016-01-09,128.1995,121.92137,110.0143,198.0398712158203,173.62191772460938,146.5674591064453,G5056
2016-01-12,2016-01-12,121.73398,113.32531,98.83306,156.92608642578125,140.6114044189453,128.6138153076172,G5056
2016-01-16,2016-01-16,109.70345,98.5625,84.91492,140.33718872070312,130.57449340820312,122.19950103759766,G5056
2016-01-19,2016-01-19,98.59141,87.990906,76.54244,128.19949340820312,121.92137145996094,110.01429748535156,G5056
2016-01-23,2016-01-23,84.77468,76.45822,66.87584,121.73397827148438,113.32530975341797,98.83306121826172,G5056
2016-01-26,2016-01-26,76.25723,68.912025,60.579464,109.70345306396484,98.5625,84.9149169921875,G5056
2016-01-30,2016-01-30,66.57826,60.44899,53.850037,98.5914077758789,87.99090576171875,76.54244232177734,G5056
2016-02-02,2016-02-02,60.331005,55.13845,49.549698,84.7746810913086,76.45822143554688,66.87583923339844,G5056
2016-02-06,2016-02-06,53.54082,49.414524,45.06883,76.25723266601562,68.91202545166016,60.579463958740234,G5056
2016-02-09,2016-02-09,49.30331,45.989334,42.468124,66.57826232910156,60.44898986816406,53.85003662109375,G5056
2016-02-13,2016-02-13,44.804996,42.325573,39.709602,60.33100509643555,55.138450622558594,49.54969787597656,G5056
2016-02-16,2016-02-16,42.23356,40.29057,38.244705,53.54082107543945,49.41452407836914,45.06882858276367,G5056
2016-02-20,2016-02-20,39.697643,38.12811,36.69561,49.30331039428711,45.98933410644531,42.46812438964844,G5056
2016-02-23,2016-02-23,38.11264,36.906025,34.968647,44.804996490478516,42.3255729675293,39.70960235595703,G5056
2016-02-27,2016-02-27,36.605606,34.819508,29.120506,42.233558654785156,40.29056930541992,38.24470520019531,G5056
2016-03-02,2016-03-02,33.064346,28.571766,24.804476,39.6976432800293,38.128108978271484,36.69561004638672,G5056
2016-03-06,2016-03-06,27.546425,24.969013,21.784866,38.112640380859375,36.90602493286133,34.96864700317383,G5056
2016-03-09,2016-03-09,25.052837,22.287926,21.653078,36.60560607910156,34.81950759887695,40.94350051879883,G5056
2016-03-13,2016-03-13,21.827616,21.502264,24.675737,33.06434631347656,38.29035949707031,46.00942611694336,G5056
2016-03-16,2016-03-16,21.244022,23.348866,30.899351,40.86098861694336,45.288700103759766,46.00942611694336,G5056
2016-03-20,2016-03-20,24.194674,29.782705,40.9435,45.371253967285156,45.288700103759766,46.00942611694336,G5056
2016-03-23,2016-03-23,29.777113,38.29036,46.009426,45.371253967285156,45.288700103759766,46.00942611694336,G5056
2016-03-27,2016-03-27,40.86099,45.2887,39.8776,45.371253967285156,45.288700103759766,46.00942611694336,G5056
2016-03-30,2016-03-30,45.371254,42.082443,36.44318,45.371253967285156,45.288700103759766,55.510284423828125,G5056
2016-04-03,2016-04-03,40.455547,37.30937,35.001896,45.371253967285156,49.19522476196289,71.1935806274414,G5056
2016-04-06,2016-04-06,34.964542,32.772514,37.43401,52.836368560791016,67.91726684570312,115.8735122680664,G5056
2016-04-10,2016-04-10,34.200592,39.356403,55.510284,69.23409271240234,101.03934478759766,190.656005859375,G5056
2016-04-13,2016-04-13,36.994743,49.195225,71.19358,116.97460174560547,180.9054718017578,258.8734130859375,G5056
2016-04-17,2016-04-17,52.83637,67.91727,115.87351,181.39984130859375,249.35000610351562,265.1845703125,G5056
2016-04-20,2016-04-20,69.23409,101.039345,190.656,256.182373046875,262.7791442871094,290.25640869140625,G5056
2016-04-24,2016-04-24,116.9746,180.90547,258.8734,256.182373046875,275.3395690917969,290.25640869140625,G5056
2016-04-27,2016-04-27,181.39984,249.35,265.18457,283.68231201171875,275.3395690917969,290.25640869140625,G5056
2016-05-01,2016-05-01,256.18237,262.77914,290.2564,283.68231201171875,275.3395690917969,290.25640869140625,G5056
2016-05-04,2016-05-04,253.58607,275.33957,277.99713,283.68231201171875,275.3395690917969,307.11895751953125,G5056
2016-05-08,2016-05-08,283.6823,275.19052,233.8055,283.68231201171875,285.941162109375,307.11895751953125,G5056
2016-05-11,2016-05-11,274.17926,239.70001,236.14265,291.05206298828125,298.9005126953125,307.11895751953125,G5056
2016-05-15,2016-05-15,229.23978,246.56178,307.11896,295.08343505859375,308.558837890625,307.11895751953125,G5056
2016-05-18,2016-05-18,236.56616,285.94116,303.98474,295.16754150390625,308.558837890625,307.11895751953125,G5056
2016-05-22,2016-05-22,291.05206,298.9005,301.009,295.16754150390625,308.558837890625,307.11895751953125,G5056
2016-05-25,2016-05-25,295.08344,308.55884,302.9138,295.16754150390625,308.558837890625,307.11895751953125,G5056
2016-05-29,2016-05-29,295.16754,288.46783,250.94867,295.16754150390625,308.558837890625,303.9847412109375,G5056
2016-06-01,2016-06-01,285.60168,253.15187,232.16739,295.16754150390625,308.558837890625,302.9137878417969,G5056
2016-06-05,2016-06-05,238.5482,229.50728,201.31166,295.16754150390625,308.558837890625,302.9137878417969,G5056
2016-06-08,2016-06-08,226.29768,208.86577,180.71172,295.16754150390625,288.46783447265625,250.94866943359375,G5056
2016-06-12,2016-06-12,195.11603,178.4438,156.71323,285.6016845703125,253.15187072753906,232.16738891601562,G5056
2016-06-15,2016-06-15,176.17616,163.0932,141.32788,238.54820251464844,229.5072784423828,201.31166076660156,G5056
2016-06-19,2016-06-19,149.92319,130.12862,111.19239,226.2976837158203,208.8657684326172,180.7117156982422,G5056
2016-06-22,2016-06-22,135.38083,114.96342,99.66183,195.11602783203125,178.4438018798828,156.71322631835938,G5056
2016-06-26,2016-06-26,100.334656,94.25405,112.78373,176.17616271972656,163.09320068359375,141.327880859375,G5056
2016-06-29,2016-06-29,89.833466,107.30767,135.82066,149.92318725585938,139.55950927734375,135.82066345214844,G5056
2016-07-03,2016-07-03,105.650925,133.54855,128.08788,135.38082885742188,139.55950927734375,135.82066345214844,G5056
2016-07-06,2016-07-06,124.19087,139.55951,120.291275,126.89208984375,139.55950927734375,135.82066345214844,G5056
2016-07-10,2016-07-10,126.89209,110.44276,113.51464,126.89208984375,139.55950927734375,135.82066345214844,G5056
2016-07-13,2016-07-13,112.30456,118.875496,123.88566,126.89208984375,139.55950927734375,128.08787536621094,G5056
2016-07-17,2016-07-17,113.90049,121.979034,122.50322,126.89208984375,139.55950927734375,123.88565826416016,G5056
2016-07-20,2016-07-20,118.81551,123.99014,109.052505,126.89208984375,123.99014282226562,123.88565826416016,G5056
2016-07-24,2016-07-24,117.55973,107.88072,94.72665,118.81551361083984,123.99014282226562,123.88565826416016,G5056
2016-07-27,2016-07-27,102.89822,102.234955,94.52238,118.81551361083984,123.99014282226562,122.50321960449219,G5056
2016-07-31,2016-07-31,86.50916,80.200836,87.44197,118.81551361083984,123.99014282226562,109.05250549316406,G5056
2016-08-03,2016-08-03,74.87515,82.6443,89.55125,117.55973052978516,107.88072204589844,94.72664642333984,G5056
2016-08-07,2016-08-07,76.38945,87.88831,91.99466,102.8982162475586,102.23495483398438,94.52237701416016,G5056
2016-08-10,2016-08-10,78.23711,87.23133,89.7167,86.50916290283203,87.88831329345703,91.99465942382812,G5056
2016-08-14,2016-08-14,86.43833,80.34827,81.39108,86.4383316040039,87.88831329345703,91.99465942382812,G5056
2016-08-17,2016-08-17,79.3339,70.30096,68.20569,86.4383316040039,87.88831329345703,91.99465942382812,G5056
2016-08-21,2016-08-21,67.97557,62.58875,65.28078,86.4383316040039,87.23133087158203,89.7166976928711,G5056
2016-08-24,2016-08-24,61.235207,63.767002,57.661762,86.4383316040039,80.3482666015625,81.39108276367188,G5056
2016-08-28,2016-08-28,54.506638,45.441967,43.36735,79.33390045166016,70.30095672607422,68.2056884765625,G5056
2016-08-31,2016-08-31,40.56386,36.170963,39.072502,67.97557067871094,63.76700210571289,65.28077697753906,G5056
2016-09-04,2016-09-04,35.33588,34.52964,42.749096,61.235206604003906,63.76700210571289,57.66176223754883,G5056
2016-09-07,2016-09-07,32.428646,47.27927,47.772717,54.50663757324219,47.27927017211914,47.7727165222168,G5056
2016-09-11,2016-09-11,40.095898,39.90628,34.58065,40.56386184692383,47.27927017211914,47.7727165222168,G5056
2016-09-14,2016-09-14,37.283028,32.635757,31.00918,40.09589767456055,47.27927017211914,47.7727165222168,G5056
2016-09-18,2016-09-18,30.011055,25.490679,22.30964,40.09589767456055,47.27927017211914,47.7727165222168,G5056
2016-09-21,2016-09-21,21.324795,17.882746,17.218237,40.09589767456055,39.906280517578125,34.580650329589844,G5056
2016-09-25,2016-09-25,14.739005,13.481246,13.819586,37.28302764892578,32.63575744628906,48.071739196777344,G5056
2016-09-28,2016-09-28,12.330809,13.487751,18.22751,30.01105499267578,45.316226959228516,111.08118438720703,G5056
2016-10-02,2016-10-02,11.013582,18.190058,29.52431,39.923728942871094,86.75200653076172,147.24090576171875,G5056
2016-10-05,2016-10-05,14.729593,22.517012,48.07174,97.37052917480469,142.4098663330078,157.9834747314453,G5056
2016-10-09,2016-10-09,24.15107,45.316227,111.081184,140.28358459472656,154.9091796875,157.9834747314453,G5056
2016-10-12,2016-10-12,39.92373,86.75201,147.2409,149.87408447265625,154.9091796875,157.9834747314453,G5056
2016-10-16,2016-10-16,97.37053,142.40987,157.98347,149.87408447265625,154.9091796875,157.9834747314453,G5056
2016-10-19,2016-10-19,140.28358,154.90918,141.58432,149.87408447265625,154.9091796875,157.9834747314453,G5056
2016-10-23,2016-10-23,149.87408,147.58577,132.82085,149.87408447265625,154.9091796875,157.9834747314453,G5056
2016-10-26,2016-10-26,135.12479,123.31499,120.14045,149.87408447265625,154.9091796875,166.7416534423828,G5056
2016-10-30,2016-10-30,115.77858,115.96344,127.940605,149.87408447265625,166.0211181640625,166.7416534423828,G5056
2016-11-02,2016-11-02,114.0614,122.58679,150.89578,163.03717041015625,166.0211181640625,166.7416534423828,G5056
2016-11-06,2016-11-06,126.48045,150.36957,166.74165,163.03717041015625,166.0211181640625,166.7416534423828,G5056
2016-11-09,2016-11-09,149.08755,166.02112,147.35818,163.03717041015625,166.0211181640625,166.7416534423828,G5056
2016-11-13,2016-11-13,163.03717,145.59808,114.78552,163.03717041015625,166.0211181640625,166.7416534423828,G5056
2016-11-16,2016-11-16,143.17418,119.721344,97.712135,163.03717041015625,166.0211181640625,166.7416534423828,G5056
2016-11-20,2016-11-20,110.87224,94.97898,83.98252,163.03717041015625,166.0211181640625,147.35818481445312,G5056
2016-11-23,2016-11-23,93.800835,85.267365,76.80165,163.03717041015625,145.59808349609375,114.7855224609375,G5056
2016-11-27,2016-11-27,81.79139,75.90493,73.44767,143.17417907714844,119.72134399414062,97.7121353149414,G5056
2016-11-30,2016-11-30,75.1949,73.24461,71.33317,110.87223815917969,94.9789810180664,83.9825210571289,G5056
2016-12-04,2016-12-04,72.26517,70.9424,74.16482,93.80083465576172,85.26736450195312,83.3682632446289,G5056
2016-12-07,2016-12-07,70.68112,72.48799,79.03784,82.79573059082031,82.93607330322266,83.3682632446289,G5056
2016-12-11,2016-12-11,73.37456,78.80197,83.36826,82.79573059082031,82.93607330322266,83.3682632446289,G5056
2016-12-14,2016-12-14,78.65117,82.93607,81.56344,82.79573059082031,82.93607330322266,83.3682632446289,G5056
2016-12-18,2016-12-18,82.79573,81.0904,72.4009,82.79573059082031,82.93607330322266,83.3682632446289,G5056
2016-12-21,2016-12-21,80.7781,74.70091,63.925026,82.79573059082031,82.93607330322266,83.3682632446289,G5056
2016-12-25,2016-12-25,71.91535,63.730484,54.073254,82.79573059082031,82.93607330322266,81.56343841552734,G5056
2016-12-28,2016-12-28,63.449406,55.74072,49.76294,82.79573059082031,81.09040069580078,72.4009017944336,G5056
2017-01-02,2017-01-02,51.805702,48.6779,44.91484,80.7780990600586,74.70091247558594,63.925025939941406,G5056
2017-01-05,2017-01-05,48.697666,45.930405,42.321407,71.91535186767578,63.73048400878906,54.0732536315918,G5056
2017-01-09,2017-01-09,45.073624,42.2919,38.896435,63.449405670166016,55.740718841552734,49.762939453125,G5056
2017-01-12,2017-01-12,42.28021,39.72442,36.442886,51.805702209472656,48.67789840698242,44.91484069824219,G5056
2017-01-16,2017-01-16,38.92365,36.51673,33.557846,48.69766616821289,45.93040466308594,42.321407318115234,G5056
2017-01-19,2017-01-19,36.57873,34.315445,31.51695,45.07362365722656,42.291900634765625,38.89643478393555,G5056
2017-01-23,2017-01-23,33.652924,31.611473,29.09289,42.280208587646484,39.72441864013672,36.44288635253906,G5056
2017-01-26,2017-01-26,31.640541,29.732304,27.396748,38.923648834228516,36.51673126220703,33.55784606933594,G5056
2017-01-30,2017-01-30,29.051796,27.237988,25.329445,36.578731536865234,34.31544494628906,31.516950607299805,G5056
2017-02-02,2017-02-02,27.247574,25.747316,24.314844,33.652923583984375,31.611473083496094,29.0928897857666,G5056
2017-02-06,2017-02-06,25.329287,24.301355,23.12346,31.640541076660156,29.732303619384766,27.396747589111328,G5056
2017-02-09,2017-02-09,24.313051,23.445244,22.47926,29.051795959472656,27.237987518310547,25.329444885253906,G5056
2017-02-13,2017-02-13,23.23926,22.600025,21.829306,27.247573852539062,25.747316360473633,24.314844131469727,G5056
2017-02-16,2017-02-16,22.592972,22.007925,21.692402,25.329286575317383,24.301355361938477,23.12346076965332,G5056
2017-02-20,2017-02-20,21.8107,21.55098,21.641514,24.313051223754883,23.44524383544922,22.69828224182129,G5056
2017-02-23,2017-02-23,21.557762,21.547838,21.818611,23.239259719848633,22.766599655151367,30.919261932373047,G5056
2017-02-27,2017-02-27,21.60019,21.612064,20.651274,23.003692626953125,29.463912963867188,37.563690185546875,G5056
2017-03-02,2017-03-02,21.610325,20.403688,22.698282,31.490463256835938,37.304962158203125,40.973243713378906,G5056
2017-03-06,2017-03-06,20.202366,22.7666,30.919262,37.4200439453125,41.17640686035156,41.117271423339844,G5056
2017-03-09,2017-03-09,23.003693,29.463913,37.56369,41.24831771850586,41.17640686035156,41.117271423339844,G5056
2017-03-13,2017-03-13,31.490463,37.304962,40.973244,41.28715896606445,41.17640686035156,41.117271423339844,G5056
2017-03-16,2017-03-16,37.420044,41.176407,41.11727,41.28715896606445,41.17640686035156,41.117271423339844,G5056
2017-03-20,2017-03-20,41.248318,41.095863,38.90572,41.28715896606445,41.17640686035156,41.117271423339844,G5056
2017-03-23,2017-03-23,41.28716,39.784584,36.182327,41.28715896606445,41.17640686035156,41.117271423339844,G5056
2017-03-27,2017-03-27,39.048817,36.248047,28.085627,41.28715896606445,41.17640686035156,41.117271423339844,G5056
2017-03-30,2017-03-30,36.417778,31.69246,21.478043,41.28715896606445,41.095863342285156,38.90571975708008,G5056
2017-04-03,2017-04-03,27.173672,19.938951,15.785396,41.28715896606445,39.784584045410156,36.18232727050781,G5056
2017-04-06,2017-04-06,19.071,14.961532,16.197954,39.0488166809082,36.248046875,28.08562660217285,G5056
2017-04-10,2017-04-10,14.196831,15.051108,18.72119,36.41777801513672,31.692459106445312,27.59904670715332,G5056
2017-04-13,2017-04-13,14.114288,16.005682,19.59202,27.17367172241211,27.401220321655273,31.945188522338867,G5056
2017-04-17,2017-04-17,18.60337,21.070902,21.735771,28.011077880859375,32.15531539916992,31.945188522338867,G5056
2017-04-20,2017-04-20,21.280756,21.869715,27.599047,31.17526626586914,32.15531539916992,64.13809204101562,G5056
2017-04-24,2017-04-24,22.32038,27.40122,31.945189,31.17526626586914,49.016517639160156,267.43035888671875,G5056
2017-04-27,2017-04-27,28.011078,32.155315,28.683208,72.78885650634766,267.5441589355469,385.71484375,G5056
2017-05-01,2017-05-01,31.175266,24.93764,64.13809,268.92083740234375,409.27630615234375,385.71484375,G5056
2017-05-04,2017-05-04,23.154213,49.016518,267.43036,385.65533447265625,409.27630615234375,385.71484375,G5056
2017-05-08,2017-05-08,72.78886,267.54416,385.71484,385.65533447265625,409.27630615234375,385.71484375,G5056
2017-05-11,2017-05-11,268.92084,409.2763,313.06268,385.65533447265625,409.27630615234375,385.71484375,G5056
2017-05-15,2017-05-15,385.65533,317.85022,269.32935,385.65533447265625,409.27630615234375,385.71484375,G5056
2017-05-18,2017-05-18,318.0597,276.28088,256.5268,385.65533447265625,409.27630615234375,385.71484375,G5056
2017-05-22,2017-05-22,267.7175,254.32648,232.72272,385.65533447265625,409.27630615234375,313.06268310546875,G5056
2017-05-25,2017-05-25,256.56042,236.43903,207.55997,385.65533447265625,317.8502197265625,269.329345703125,G5056
2017-05-29,2017-05-29,232.70021,209.54062,161.91469,318.0596923828125,276.2808837890625,256.52679443359375,G5056
2017-06-01,2017-06-01,203.02275,171.92259,140.74161,267.7174987792969,254.32647705078125,232.72271728515625,G5056
2017-06-05,2017-06-05,167.51921,140.89572,123.98813,256.5604248046875,236.43902587890625,207.55996704101562,G5056
2017-06-08,2017-06-08,141.82637,132.23428,117.99311,232.70021057128906,209.54061889648438,161.91468811035156,G5056
2017-06-12,2017-06-12,127.732025,117.48114,113.98982,203.0227508544922,171.92259216308594,140.74160766601562,G5056
2017-06-15,2017-06-15,118.1497,110.99671,99.87815,167.5192108154297,140.89572143554688,123.98812866210938,G5056
2017-06-19,2017-06-19,112.31329,101.492966,86.60043,141.8263702392578,132.23428344726562,117.99311065673828,G5056
2017-06-22,2017-06-22,99.53383,86.22847,77.66609,127.73202514648438,117.48114013671875,113.98982238769531,G5056
2017-06-26,2017-06-26,88.916534,79.725685,76.12149,118.14969635009766,110.99671173095703,99.8781509399414,G5056
2017-06-29,2017-06-29,74.808136,68.12151,59.75357,112.31329345703125,101.49296569824219,86.60043334960938,G5056
2017-07-03,2017-07-03,59.75642,53.791744,46.74696,99.53382873535156,86.22846984863281,83.10620880126953,G5056
2017-07-06,2017-07-06,54.926773,46.267868,36.416897,88.91653442382812,79.7256851196289,110.12288665771484,G5056
2017-07-10,2017-07-10,45.820404,36.146168,53.886852,76.67125701904297,104.82683563232422,130.2675323486328,G5056
2017-07-13,2017-07-13,33.106674,39.484493,83.10621,107.2160873413086,126.1014404296875,145.0503692626953,G5056
2017-07-17,2017-07-17,41.691074,77.55466,110.12289,124.51334381103516,126.1014404296875,145.0503692626953,G5056
2017-07-20,2017-07-20,76.67126,104.826836,130.26753,130.21121215820312,139.06114196777344,145.0503692626953,G5056
2017-07-24,2017-07-24,107.21609,126.10144,145.05037,135.25721740722656,139.06114196777344,154.3013916015625,G5056
2017-07-27,2017-07-27,124.51334,122.89645,139.08955,135.97161865234375,163.8369598388672,189.23321533203125,G5056
2017-07-31,2017-07-31,130.21121,139.06114,138.42314,157.53025817871094,185.27935791015625,189.23321533203125,G5056
2017-08-03,2017-08-03,135.25722,128.87653,154.30139,186.39920043945312,185.27935791015625,189.23321533203125,G5056
2017-08-07,2017-08-07,135.97162,163.83696,189.23322,186.39920043945312,185.27935791015625,189.23321533203125,G5056
2017-08-10,2017-08-10,157.53026,185.27936,175.66304,186.39920043945312,185.27935791015625,189.23321533203125,G5056
2017-08-14,2017-08-14,186.3992,181.52548,157.58331,186.39920043945312,185.27935791015625,189.23321533203125,G5056
2017-08-17,2017-08-17,176.0335,159.20308,163.17358,186.39920043945312,185.27935791015625,189.23321533203125,G5056
2017-08-21,2017-08-21,154.88542,155.14017,188.06995,188.50198364257812,185.27935791015625,188.0699462890625,G5056
2017-08-24,2017-08-24,152.935,166.72214,182.03026,188.50198364257812,184.79165649414062,188.0699462890625,G5056
2017-08-28,2017-08-28,179.11409,184.79166,169.97298,188.50198364257812,184.79165649414062,188.0699462890625,G5056
2017-08-31,2017-08-31,188.50198,166.2349,170.15608,188.50198364257812,184.79165649414062,188.0699462890625,G5056
2017-09-04,2017-09-04,161.53085,162.96063,175.68065,188.50198364257812,184.79165649414062,182.03025817871094,G5056
2017-09-07,2017-09-07,159.03664,167.49828,173.04231,188.50198364257812,184.79165649414062,181.24375915527344,G5056
2017-09-11,2017-09-11,173.53783,173.30865,171.13905,188.50198364257812,181.35140991210938,181.24375915527344,G5056
2017-09-14,2017-09-14,173.38455,181.35141,181.24376,173.53782653808594,181.35140991210938,181.24375915527344,G5056
2017-09-18,2017-09-18,169.2576,168.47548,167.0507,173.53782653808594,181.35140991210938,181.24375915527344,G5056
2017-09-21,2017-09-21,164.72415,167.0046,156.00516,173.53782653808594,181.35140991210938,181.24375915527344,G5056
2017-09-25,2017-09-25,160.53485,159.62599,164.45708,173.51783752441406,181.35140991210938,181.24375915527344,G5056
2017-09-28,2017-09-28,152.31497,150.58876,175.40224,173.51783752441406,175.11351013183594,175.40223693847656,G5056
2017-10-02,2017-10-02,160.30396,175.11351,160.57039,173.51783752441406,175.11351013183594,175.40223693847656,G5056
2017-10-05,2017-10-05,173.51784,164.7874,135.9401,173.51783752441406,175.11351013183594,175.40223693847656,G5056
2017-10-09,2017-10-09,156.38556,134.34297,117.29698,173.51783752441406,175.11351013183594,175.40223693847656,G5056
2017-10-12,2017-10-12,133.5509,118.12512,108.90954,173.51783752441406,175.11351013183594,212.22970581054688,G5056
2017-10-16,2017-10-16,114.104935,106.69919,112.32365,173.51783752441406,190.13357543945312,261.9393310546875,G5056
2017-10-19,2017-10-19,105.122055,108.78852,138.32835,211.04026794433594,258.2115478515625,275.4781494140625,G5056
2017-10-23,2017-10-23,104.77046,137.3359,212.2297,256.92315673828125,277.4152526855469,275.4781494140625,G5056
2017-10-26,2017-10-26,134.02878,190.13358,261.93933,272.5267639160156,277.4152526855469,275.4781494140625,G5056
2017-10-30,2017-10-30,211.04027,258.21155,275.47815,272.5267639160156,277.4152526855469,275.93115234375,G5056
2017-11-02,2017-11-02,256.92316,277.41525,256.22363,272.5267639160156,277.4152526855469,311.315185546875,G5056
2017-11-06,2017-11-06,272.52676,256.0763,256.11862,275.7402038574219,301.0303039550781,354.54388427734375,G5056
2017-11-09,2017-11-09,254.92383,252.9843,275.93115,311.07574462890625,353.74334716796875,354.54388427734375,G5056
2017-11-13,2017-11-13,255.51697,276.30334,311.3152,351.7593994140625,353.74334716796875,354.54388427734375,G5056
2017-11-16,2017-11-16,275.7402,301.0303,354.54388,351.7593994140625,353.74334716796875,354.54388427734375,G5056
2017-11-20,2017-11-20,311.07574,353.74335,319.9474,351.7593994140625,353.74334716796875,354.54388427734375,G5056
2017-11-23,2017-11-23,351.7594,337.6212,253.52719,351.7593994140625,353.74334716796875,354.54388427734375,G5056
2017-11-27,2017-11-27,319.3694,254.79076,192.54774,351.7593994140625,353.74334716796875,354.54388427734375,G5056
2017-11-30,2017-11-30,253.72513,204.1812,164.54408,351.7593994140625,353.74334716796875,319.9473876953125,G5056
2017-12-04,2017-12-04,191.67662,164.15578,150.53035,351.7593994140625,337.6211853027344,253.52719116210938,G5056
2017-12-07,2017-12-07,164.05399,151.00838,157.33717,319.369384765625,254.79075622558594,192.54774475097656,G5056
2017-12-11,2017-12-11,149.99133,157.20782,156.77962,253.72512817382812,204.1811981201172,164.54408264160156,G5056
2017-12-14,2017-12-14,157.19702,159.16298,141.40509,191.67662048339844,164.15577697753906,157.33717346191406,G5056
2017-12-18,2017-12-18,156.29146,141.22887,115.273094,164.05398559570312,159.16297912597656,157.33717346191406,G5056
2017-12-21,2017-12-21,141.0294,121.508446,97.920006,157.197021484375,159.16297912597656,156.7796173095703,G5056
2017-12-25,2017-12-25,115.239105,97.82064,79.15605,157.197021484375,159.16297912597656,141.40509033203125,G5056
2017-12-28,2017-12-28,97.60541,83.58509,69.77527,156.2914581298828,141.22886657714844,115.2730941772461,G5056
2018-01-01,2018-01-01,78.841255,69.53259,59.43607,141.02940368652344,121.5084457397461,97.92000579833984,G5056
2018-01-04,2018-01-04,69.492424,61.711517,52.990982,115.23910522460938,97.82064056396484,79.15605163574219,G5056
2018-01-08,2018-01-08,59.28753,52.954746,46.093296,97.60540771484375,83.58509063720703,69.7752685546875,G5056
2018-01-11,2018-01-11,52.89392,47.591854,41.5628,78.84125518798828,69.5325927734375,59.43606948852539,G5056
2018-01-15,2018-01-15,46.007362,41.543915,36.584103,69.49242401123047,61.711517333984375,52.99098205566406,G5056
2018-01-18,2018-01-18,41.505985,37.65236,33.666256,59.28752899169922,52.95474624633789,46.09329605102539,G5056
2018-01-22,2018-01-22,36.451023,33.570774,30.208344,52.8939208984375,47.591854095458984,41.562801361083984,G5056
2018-01-25,2018-01-25,33.50115,30.943052,28.203789,46.007362365722656,41.543914794921875,36.584102630615234,G5056
2018-01-29,2018-01-29,30.075,28.132318,26.41821,41.505985260009766,37.65235900878906,33.666255950927734,G5056
2018-02-01,2018-02-01,28.060198,26.632591,25.43851,36.45102310180664,33.57077407836914,30.208343505859375,G5056
2018-02-05,2018-02-05,26.248928,25.433453,24.650784,33.50114822387695,30.943052291870117,28.20378875732422,G5056
2018-02-08,2018-02-08,25.422924,24.846355,24.338139,30.075000762939453,28.1323184967041,26.418209075927734,G5056
2018-02-12,2018-02-12,24.52385,24.19879,24.127058,28.060197830200195,26.632591247558594,25.43851089477539,G5056
2018-02-15,2018-02-15,24.100636,24.015806,24.272247,26.24892807006836,25.433452606201172,24.65078353881836,G5056
2018-02-19,2018-02-19,23.956263,24.180626,24.32018,25.422924041748047,24.846355438232422,24.338138580322266,G5056
2018-02-22,2018-02-22,24.15875,24.267046,24.215883,24.523849487304688,24.267045974731445,24.320180892944336,G5056
2018-02-26,2018-02-26,24.216131,24.07687,20.608736,24.21613121032715,24.267045974731445,24.320180892944336,G5056
2018-03-01,2018-03-01,24.042513,21.415186,18.251598,24.21613121032715,24.267045974731445,34.25672912597656,G5056
2018-03-05,2018-03-05,20.394255,18.289457,17.015978,24.21613121032715,30.39058494567871,43.7988395690918,G5056
2018-03-08,2018-03-08,18.151913,16.997637,20.631628,33.950862884521484,43.29018783569336,44.30744552612305,G5056
2018-03-12,2018-03-12,16.850483,19.99713,34.25673,42.972076416015625,44.345489501953125,44.30744552612305,G5056
2018-03-15,2018-03-15,20.2556,30.390585,43.79884,43.32522964477539,44.345489501953125,45.31907653808594,G5056
2018-03-19,2018-03-19,33.950863,43.290188,44.307446,43.32522964477539,44.345489501953125,58.57027816772461,G5056
2018-03-22,2018-03-22,42.972076,44.34549,41.686985,44.581565856933594,58.21757125854492,109.89064025878906,G5056
2018-03-26,2018-03-26,43.32523,41.295876,45.319077,56.50132751464844,95.25321960449219,123.86100006103516,G5056
2018-03-29,2018-03-29,40.964592,43.823647,58.57028,106.3555679321289,123.58982849121094,135.86392211914062,G5056
2018-04-02,2018-04-02,44.581566,58.21757,109.89064,122.63249969482422,129.28843688964844,177.59661865234375,G5056
2018-04-05,2018-04-05,56.501328,95.25322,123.861,135.16659545898438,178.24551391601562,235.14840698242188,G5056
2018-04-09,2018-04-09,106.35557,123.58983,135.86392,178.02093505859375,217.095947265625,281.7858581542969,G5056
2018-04-12,2018-04-12,122.6325,129.28844,177.59662,232.84048461914062,281.3949890136719,281.7858581542969,G5056
2018-04-16,2018-04-16,135.1666,178.24551,235.1484,280.4635925292969,281.3949890136719,281.7858581542969,G5056
2018-04-19,2018-04-19,178.02094,217.09595,281.78586,280.4635925292969,281.3949890136719,281.7858581542969,G5056
2018-04-23,2018-04-23,232.84048,281.395,240.58,280.4635925292969,281.3949890136719,281.7858581542969,G5056
2018-04-26,2018-04-26,280.4636,256.8213,179.22203,280.4635925292969,281.3949890136719,387.5130920410156,G5056
2018-04-30,2018-04-30,239.99171,178.50317,146.3976,280.4635925292969,408.09808349609375,387.5130920410156,G5056
2018-05-03,2018-05-03,179.5168,145.8697,255.09937,397.8169250488281,408.09808349609375,387.5130920410156,G5056
2018-05-07,2018-05-07,149.05966,262.43192,387.5131,397.8169250488281,408.09808349609375,387.5130920410156,G5056
2018-05-10,2018-05-10,264.11145,408.09808,305.15433,397.8169250488281,408.09808349609375,387.5130920410156,G5056
2018-05-14,2018-05-14,397.81693,306.19812,214.65027,397.8169250488281,408.09808349609375,387.5130920410156,G5056
2018-05-17,2018-05-17,312.76834,230.23732,189.06087,397.8169250488281,408.09808349609375,437.2236328125,G5056
2018-05-21,2018-05-21,206.46675,189.76662,214.25473,397.8169250488281,431.2640380859375,437.2236328125,G5056
2018-05-24,2018-05-24,207.49619,227.42935,329.1629,432.290771484375,431.2640380859375,437.2236328125,G5056
2018-05-28,2018-05-28,239.99797,336.16412,437.22363,432.290771484375,431.2640380859375,487.195556640625,G5056
2018-05-31,2018-05-31,336.61356,431.26404,417.59302,432.290771484375,488.32415771484375,510.23291015625,G5056
2018-06-04,2018-06-04,432.29077,410.01932,354.23624,488.0131530761719,538.7164916992188,510.23291015625,G5056
2018-06-07,2018-06-07,412.40854,355.51303,487.19556,511.9668884277344,538.7164916992188,510.23291015625,G5056
2018-06-11,2018-06-11,363.69202,488.32416,510.2329,511.9668884277344,538.7164916992188,510.23291015625,G5056
2018-06-14,2018-06-14,488.01315,538.7165,420.42975,511.9668884277344,538.7164916992188,510.23291015625,G5056
2018-06-18,2018-06-18,511.9669,423.18686,348.2669,511.9668884277344,538.7164916992188,510.23291015625,G5056
2018-06-21,2018-06-21,430.3142,357.0924,307.30853,511.9668884277344,538.7164916992188,510.23291015625,G5056
2018-06-25,2018-06-25,347.94202,309.25348,280.99884,511.9668884277344,538.7164916992188,420.42974853515625,G5056
2018-06-28,2018-06-28,311.7925,293.69357,256.70163,511.9668884277344,423.1868591308594,348.26690673828125,G5056
2018-07-01,2018-07-01,295.88257,262.4204,240.75392,430.314208984375,357.0924072265625,307.30853271484375,G5056
2018-07-02,2018-07-02,285.31647,256.4322,242.37045,347.9420166015625,309.25347900390625,280.99884033203125,G5056
2018-07-03,2018-07-03,275.49176,247.82333,246.41132,311.7925109863281,293.6935729980469,256.7016296386719,G5056
2018-07-04,2018-07-04,266.64383,247.55038,240.37917,295.882568359375,262.42041015625,246.41131591796875,G5056
2018-07-05,2018-07-05,262.69333,243.76309,237.00168,285.31646728515625,256.43218994140625,246.41131591796875,G5056
2018-07-06,2018-07-06,259.1434,235.81557,231.5272,275.49176025390625,247.82333374023438,246.41131591796875,G5056
2018-07-07,2018-07-07,256.496,237.24918,226.08627,266.6438293457031,247.55038452148438,240.37916564941406,G5056
2018-07-08,2018-07-08,250.21954,236.15813,217.12923,262.6933288574219,243.76309204101562,237.00167846679688,G5056
2018-07-09,2018-07-09,243.74043,235.87277,203.54434,259.1434020996094,237.24917602539062,231.52720642089844,G5056
2018-07-10,2018-07-10,239.49957,232.90952,199.86295,256.4960021972656,237.24917602539062,226.08627319335938,G5056
2018-07-11,2018-07-11,237.13712,221.77792,180.84189,250.21954345703125,236.1581268310547,217.1292266845703,G5056
2018-07-12,2018-07-12,233.05238,207.75067,169.50243,243.7404327392578,235.87277221679688,203.54434204101562,G5056
2018-07-13,2018-07-13,231.11472,205.45837,168.11461,239.49957275390625,232.90951538085938,199.86294555664062,G5056
2018-07-14,2018-07-14,225.15771,196.30325,138.89723,237.13711547851562,221.77792358398438,180.84188842773438,G5056
2018-07-15,2018-07-15,214.96535,185.3198,139.21446,233.05238342285156,207.75067138671875,169.50242614746094,G5056
2018-07-16,2018-07-16,203.22736,174.75764,123.45971,231.11471557617188,205.4583740234375,168.11460876464844,G5056
2018-07-17,2018-07-17,198.69086,168.80223,124.50009,225.15771484375,196.30325317382812,139.21446228027344,G5056
2018-07-18,2018-07-18,195.77864,155.99268,133.7938,214.96534729003906,185.31979370117188,139.21446228027344,G5056
2018-07-19,2018-07-19,189.28241,143.92989,121.483315,203.22735595703125,174.7576446533203,133.79379272460938,G5056
2018-07-20,2018-07-20,178.024,140.90448,124.04916,198.69085693359375,168.80223083496094,133.79379272460938,G5056
2018-07-21,2018-07-21,166.79727,123.50323,116.70882,195.7786407470703,155.99267578125,133.79379272460938,G5056
2018-07-22,2018-07-22,156.93102,123.4515,117.21051,189.28240966796875,143.9298858642578,124.04915618896484,G5056
2018-07-23,2018-07-23,143.61287,117.03307,115.197426,178.0240020751953,140.90447998046875,124.04915618896484,G5056
2018-07-24,2018-07-24,128.71521,119.18449,114.78452,166.79727172851562,123.50322723388672,117.21051025390625,G5056
2018-07-25,2018-07-25,120.87079,118.03535,116.90273,156.93101501464844,123.45149993896484,117.21051025390625,G5056
2018-07-26,2018-07-26,122.318596,121.4317,115.36783,143.6128692626953,121.43170166015625,116.9027328491211,G5056
2018-07-27,2018-07-27,123.79838,120.69221,111.70609,128.7152099609375,121.43170166015625,116.9027328491211,G5056
2018-07-28,2018-07-28,122.771866,121.408936,106.6375,124.60980987548828,121.43170166015625,116.9027328491211,G5056
2018-07-29,2018-07-29,124.370346,116.634056,102.489876,124.60980987548828,121.43170166015625,115.36782836914062,G5056
2018-07-30,2018-07-30,124.60981,116.79167,95.36389,124.60980987548828,121.408935546875,111.70609283447266,G5056
2018-07-31,2018-07-31,121.48002,108.773735,88.37015,124.60980987548828,121.408935546875,106.63749694824219,G5056
2018-08-01,2018-08-01,118.27273,109.42603,82.87769,124.60980987548828,116.79167175292969,102.48987579345703,G5056
2018-08-02,2018-08-02,114.28355,101.923294,76.93583,124.60980987548828,116.79167175292969,95.3638916015625,G5056
2018-08-03,2018-08-03,111.19492,94.75164,76.98326,121.48001861572266,109.42603302001953,88.37014770507812,G5056
2018-08-04,2018-08-04,107.18679,85.223335,70.68898,118.2727279663086,109.42603302001953,82.87769317626953,G5056
2018-08-05,2018-08-05,101.35937,85.218925,66.80064,114.2835464477539,101.92329406738281,76.98326110839844,G5056
2018-08-06,2018-08-06,95.49434,79.80481,62.813633,111.1949234008789,94.75164031982422,76.98326110839844,G5056
2018-08-07,2018-08-07,92.00599,75.08181,53.429943,107.1867904663086,85.22333526611328,70.68898010253906,G5056
2018-08-08,2018-08-08,87.145485,68.53858,59.074688,101.35936737060547,85.21892547607422,66.8006362915039,G5056
2018-08-09,2018-08-09,80.950905,62.276558,55.94961,95.49433898925781,79.8048095703125,67.4757308959961,G5056
2018-08-10,2018-08-10,73.751236,57.286404,63.223763,92.00598907470703,75.0818099975586,67.4757308959961,G5056
2018-08-11,2018-08-11,67.60395,53.65673,61.726707,87.1454849243164,68.53858184814453,67.4757308959961,G5056
2018-08-12,2018-08-12,63.273655,60.23356,67.47573,80.9509048461914,62.366024017333984,67.4757308959961,G5056
2018-08-13,2018-08-13,59.507908,54.871838,58.620274,73.75123596191406,62.366024017333984,67.4757308959961,G5056
2018-08-14,2018-08-14,57.19634,62.366024,66.02745,67.60395050048828,63.49119186401367,67.4757308959961,G5056
2018-08-15,2018-08-15,56.325916,59.799618,67.0476,63.27365493774414,66.79315948486328,68.0824966430664,G5056
2018-08-16,2018-08-16,54.320076,62.169594,60.96746,64.9429931640625,67.67456817626953,68.0824966430664,G5056
2018-08-17,2018-08-17,56.448193,63.49119,63.557705,67.52025604248047,72.37531280517578,68.0824966430664,G5056
2018-08-18,2018-08-18,59.570732,66.79316,68.0825,70.62681579589844,72.37531280517578,68.0824966430664,G5056
2018-08-19,2018-08-19,64.94299,67.67457,61.41031,72.39925384521484,72.37531280517578,68.0824966430664,G5056
2018-08-20,2018-08-20,67.520256,72.37531,55.17731,73.5224609375,72.37531280517578,68.0824966430664,G5056
2018-08-21,2018-08-21,70.626816,68.1316,54.51005,73.5224609375,72.37531280517578,68.0824966430664,G5056
2018-08-22,2018-08-22,72.399254,65.4224,45.44509,73.5224609375,72.37531280517578,61.410308837890625,G5056
2018-08-23,2018-08-23,73.52246,63.39782,45.0109,73.5224609375,72.37531280517578,55.177310943603516,G5056
2018-08-24,2018-08-24,69.52435,55.2795,41.203506,73.5224609375,68.13159942626953,54.51005172729492,G5056
2018-08-25,2018-08-25,67.44713,47.793514,39.82445,73.5224609375,65.42240142822266,45.445091247558594,G5056
2018-08-26,2018-08-26,62.18586,46.228134,39.40507,73.5224609375,63.39781951904297,45.01089859008789,G5056
2018-08-27,2018-08-27,54.549377,43.72501,39.878506,69.52435302734375,55.27949905395508,56.8738899230957,G5056
2018-08-28,2018-08-28,47.78485,36.561287,39.730556,67.44712829589844,47.793514251708984,84.71218872070312,G5056
2018-08-29,2018-08-29,46.18928,33.35746,44.78486,62.18585968017578,46.22813415527344,107.09780883789062,G5056
2018-08-30,2018-08-30,45.732586,29.537134,56.87389,54.54937744140625,45.68796920776367,134.3760528564453,G5056
2018-08-31,2018-08-31,41.00507,32.159256,84.71219,47.78485107421875,63.24225616455078,153.32066345214844,G5056
2018-09-01,2018-09-01,38.68934,37.497337,107.09781,46.18928146362305,79.82549285888672,156.04261779785156,G5056
2018-09-02,2018-09-02,37.053696,45.68797,134.37605,49.34136962890625,107.16768646240234,159.31275939941406,G5056
2018-09-03,2018-09-03,35.73735,63.242256,153.32066,63.60811996459961,129.36021423339844,159.31275939941406,G5056
2018-09-04,2018-09-04,40.25215,79.82549,156.04262,83.89640045166016,146.6309051513672,159.31275939941406,G5056
2018-09-05,2018-09-05,49.34137,107.16769,159.31276,106.54364776611328,154.2814483642578,159.31275939941406,G5056
2018-09-06,2018-09-06,63.60812,129.36021,158.75746,128.51254272460938,156.0348358154297,159.31275939941406,G5056
2018-09-07,2018-09-07,83.8964,146.6309,152.84607,145.06378173828125,158.7324981689453,159.31275939941406,G5056
2018-09-08,2018-09-08,106.54365,154.28145,149.80316,153.1681671142578,158.7324981689453,159.31275939941406,G5056
2018-09-09,2018-09-09,128.51254,156.03484,144.50667,155.22483825683594,158.7324981689453,158.75746154785156,G5056
2018-09-10,2018-09-10,145.06378,158.7325,138.53098,159.06539916992188,158.7324981689453,152.8460693359375,G5056
2018-09-11,2018-09-11,153.16817,155.2181,136.36594,159.06539916992188,158.7324981689453,149.80316162109375,G5056
2018-09-12,2018-09-12,155.22484,150.46613,132.73882,159.06539916992188,158.7324981689453,144.5066680908203,G5056
2018-09-13,2018-09-13,159.0654,144.50157,131.70442,159.06539916992188,158.7324981689453,138.53097534179688,G5056
2018-09-14,2018-09-14,156.02448,140.68713,122.01113,159.06539916992188,155.2180938720703,136.36593627929688,G5056
2018-09-15,2018-09-15,149.98788,132.24686,121.45583,159.06539916992188,150.46612548828125,132.7388153076172,G5056
2018-09-16,2018-09-16,142.93263,129.91243,110.85322,159.06539916992188,144.50157165527344,131.7044219970703,G5056
2018-09-17,2018-09-17,136.57607,129.61517,110.41971,156.02447509765625,140.6871337890625,122.0111312866211,G5056
2018-09-18,2018-09-18,131.7815,124.49162,102.87503,149.98788452148438,132.24685668945312,121.4558334350586,G5056
2018-09-19,2018-09-19,130.96541,119.444336,96.77366,142.93263244628906,129.9124298095703,110.85321807861328,G5056
2018-09-20,2018-09-20,128.38756,115.15231,88.709305,136.57606506347656,129.61517333984375,110.41970825195312,G5056
2018-09-21,2018-09-21,122.86496,105.56098,83.170746,131.781494140625,124.49162292480469,102.87503051757812,G5056
2018-09-22,2018-09-22,118.619865,100.36245,80.89916,130.9654083251953,119.4443359375,96.7736587524414,G5056
2018-09-23,2018-09-23,112.106995,93.8943,78.17594,128.38755798339844,115.15231323242188,88.70930480957031,G5056
2018-09-24,2018-09-24,106.41925,88.8731,74.37237,122.86495971679688,105.56098175048828,83.17074584960938,G5056
2018-09-25,2018-09-25,101.00691,83.33397,76.888336,118.61986541748047,100.3624496459961,80.89916229248047,G5056
2018-09-26,2018-09-26,93.90323,81.43064,76.54217,112.10699462890625,93.89430236816406,78.17594146728516,G5056
2018-09-27,2018-09-27,86.82916,75.45161,76.65939,106.41925048828125,88.87310028076172,76.88833618164062,G5056
2018-09-28,2018-09-28,82.54422,73.31045,73.8328,101.00691223144531,83.33396911621094,76.88833618164062,G5056
2018-09-29,2018-09-29,79.76402,73.231094,73.277596,93.90322875976562,81.4306411743164,76.65939331054688,G5056
2018-09-30,2018-09-30,77.1279,77.280106,71.393234,86.82916259765625,77.28010559082031,76.65939331054688,G5056
2018-10-01,2018-10-01,75.65979,75.47594,70.94247,82.54421997070312,77.28010559082031,73.83280181884766,G5056
2018-10-02,2018-10-02,71.62643,71.69487,66.067116,79.76402282714844,77.28010559082031,73.27759552001953,G5056
2018-10-03,2018-10-03,73.65289,72.7674,67.56701,77.12789916992188,77.28010559082031,76.90596771240234,G5056
2018-10-04,2018-10-04,74.11348,69.556274,67.67914,75.6597900390625,75.47593688964844,78.49520874023438,G5056
2018-10-05,2018-10-05,74.25514,68.1652,70.35486,74.25514221191406,72.76740264892578,78.49520874023438,G5056
2018-10-06,2018-10-06,71.72155,68.54629,76.90597,74.25514221191406,72.76740264892578,78.49520874023438,G5056
2018-10-07,2018-10-07,69.85513,70.68793,78.49521,74.25514221191406,71.81236267089844,79.59054565429688,G5056
2018-10-08,2018-10-08,67.73293,71.81236,78.3126,74.25514221191406,75.80760955810547,86.2644271850586,G5056
2018-10-09,2018-10-09,69.64189,68.58016,78.0769,71.72154998779297,75.80760955810547,86.6019058227539,G5056
2018-10-10,2018-10-10,69.12605,70.56033,79.590546,72.99714660644531,77.8184585571289,87.27152252197266,G5056
2018-10-11,2018-10-11,68.25883,75.80761,86.26443,73.33253479003906,79.98943328857422,87.27152252197266,G5056
2018-10-12,2018-10-12,69.71799,75.53855,86.601906,74.05364227294922,81.76554107666016,87.27152252197266,G5056
2018-10-13,2018-10-13,72.99715,77.81846,87.27152,76.72023010253906,81.88536071777344,87.57714080810547,G5056
2018-10-14,2018-10-14,73.332535,79.98943,84.80375,79.91028594970703,83.17345428466797,87.57714080810547,G5056
2018-10-15,2018-10-15,74.05364,81.76554,86.18117,82.1614761352539,84.574951171875,92.72576904296875,G5056
2018-10-16,2018-10-16,76.72023,81.88536,87.57714,82.42010498046875,86.25775909423828,97.61133575439453,G5056
2018-10-17,2018-10-17,79.910286,83.173454,86.81348,83.36322784423828,86.99166107177734,107.29263305664062,G5056
2018-10-18,2018-10-18,82.161476,84.57495,92.72577,84.57823181152344,89.0693588256836,129.5556182861328,G5056
2018-10-19,2018-10-19,82.420105,86.25776,97.611336,84.86775970458984,96.12093353271484,147.17837524414062,G5056
2018-10-20,2018-10-20,83.36323,86.99166,107.29263,86.17132568359375,103.89623260498047,157.67930603027344,G5056
2018-10-21,2018-10-21,84.57823,89.06936,129.55562,90.14420318603516,117.5423355102539,171.82069396972656,G5056
2018-10-22,2018-10-22,84.86776,96.12093,147.17838,94.55186462402344,130.84840393066406,177.61058044433594,G5056
2018-10-23,2018-10-23,86.171326,103.89623,157.6793,103.61138916015625,144.53042602539062,177.85134887695312,G5056
2018-10-24,2018-10-24,90.1442,117.542336,171.8207,113.34973907470703,156.3527374267578,179.4533233642578,G5056
2018-10-25,2018-10-25,94.551865,130.8484,177.61058,126.92499542236328,165.41087341308594,180.4195098876953,G5056
2018-10-26,2018-10-26,103.61139,144.53043,177.85135,140.40899658203125,172.4887237548828,180.4195098876953,G5056
2018-10-27,2018-10-27,113.34974,156.35274,179.45332,154.30804443359375,179.2078857421875,180.4195098876953,G5056
2018-10-28,2018-10-28,126.924995,165.41087,180.41951,166.73043823242188,182.57366943359375,180.4195098876953,G5056
2018-10-29,2018-10-29,140.409,172.48872,177.71213,174.25924682617188,182.57366943359375,180.4195098876953,G5056
2018-10-30,2018-10-30,154.30804,179.20789,176.2525,178.30020141601562,182.57366943359375,180.4195098876953,G5056
2018-10-31,2018-10-31,166.73044,182.57367,173.7563,181.85166931152344,182.57366943359375,180.4195098876953,G5056
2018-11-01,2018-11-01,174.25925,182.35439,172.9341,181.85166931152344,182.57366943359375,177.71212768554688,G5056
2018-11-02,2018-11-02,178.3002,179.24171,170.80531,181.85166931152344,182.57366943359375,178.2711181640625,G5056
2018-11-03,2018-11-03,181.85167,175.58734,168.87207,181.85166931152344,182.57366943359375,181.30181884765625,G5056
2018-11-04,2018-11-04,181.21979,172.94936,166.01933,181.85166931152344,182.35438537597656,183.5328369140625,G5056
2018-11-05,2018-11-05,176.86569,171.63435,178.27112,181.85166931152344,179.24171447753906,186.90798950195312,G5056
2018-11-06,2018-11-06,174.28821,171.62648,181.30182,181.85166931152344,179.1187286376953,186.90798950195312,G5056
2018-11-07,2018-11-07,172.38655,173.99315,183.53284,181.21978759765625,181.84559631347656,186.90798950195312,G5056
2018-11-08,2018-11-08,171.12865,176.79077,186.90799,176.86569213867188,184.0188751220703,186.90798950195312,G5056
2018-11-09,2018-11-09,172.01324,179.11873,186.84253,176.06434631347656,184.0188751220703,186.90798950195312,G5056
2018-11-10,2018-11-10,173.68193,181.8456,186.54231,176.06434631347656,184.0188751220703,186.90798950195312,G5056
2018-11-11,2018-11-11,176.06435,184.01888,185.01216,176.06434631347656,184.0188751220703,186.90798950195312,G5056
2018-11-12,2018-11-12,153.76619,171.2979,178.73729,176.06434631347656,184.0188751220703,186.842529296875,G5056
2018-11-13,2018-11-13,158.89008,175.2873,179.99411,176.06434631347656,184.0188751220703,186.5423126220703,G5056
2018-11-14,2018-11-14,165.21672,177.90831,178.1855,178.14358520507812,184.0188751220703,191.7771453857422,G5056
2018-11-15,2018-11-15,171.1537,179.4832,175.68805,179.85426330566406,181.25985717773438,203.12710571289062,G5056
2018-11-16,2018-11-16,175.32481,180.93245,173.8756,180.38197326660156,183.54067993164062,221.21258544921875,G5056
2018-11-17,2018-11-17,178.14359,180.3369,191.77715,180.70513916015625,189.657958984375,236.6918487548828,G5056
2018-11-18,2018-11-18,179.85426,181.25986,203.1271,181.61485290527344,198.83346557617188,245.6016387939453,G5056
2018-11-19,2018-11-19,180.38197,183.54068,221.21259,183.20025634765625,211.40591430664062,248.07040405273438,G5056
2018-11-20,2018-11-20,180.70514,189.65796,236.69185,188.712158203125,226.3372344970703,248.07040405273438,G5056
2018-11-21,2018-11-21,181.61485,198.83347,245.60164,198.37062072753906,239.2196807861328,248.07040405273438,G5056
2018-11-22,2018-11-22,183.20026,211.40591,248.0704,211.63314819335938,247.1934356689453,248.07040405273438,G5056
2018-11-23,2018-11-23,188.71216,226.33723,246.08527,226.03204345703125,249.36212158203125,248.07040405273438,G5056
2018-11-24,2018-11-24,198.37062,239.21968,238.92159,238.95956420898438,249.36212158203125,248.07040405273438,G5056
2018-11-25,2018-11-25,211.63315,247.19344,229.88962,247.07699584960938,249.36212158203125,248.07040405273438,G5056
2018-11-26,2018-11-26,226.03204,249.36212,219.73608,248.55319213867188,249.36212158203125,246.08526611328125,G5056
2018-11-27,2018-11-27,238.95956,246.28229,208.20638,248.55319213867188,249.36212158203125,238.9215850830078,G5056
2018-11-28,2018-11-28,247.077,238.17075,195.54028,248.55319213867188,249.36212158203125,229.88961791992188,G5056
2018-11-29,2018-11-29,248.55319,229.18471,183.368,248.55319213867188,249.36212158203125,219.736083984375,G5056
2018-11-30,2018-11-30,245.17783,218.91298,171.89136,248.55319213867188,246.28228759765625,208.2063751220703,G5056
2018-12-01,2018-12-01,238.65979,207.9917,162.01491,248.55319213867188,238.17074584960938,195.540283203125,G5056
2018-12-02,2018-12-02,229.48949,195.69305,152.94054,248.55319213867188,229.18470764160156,183.3679962158203,G5056
2018-12-03,2018-12-03,219.47934,183.70984,145.2568,245.17782592773438,218.91297912597656,171.891357421875,G5056
2018-12-04,2018-12-04,207.83333,172.3988,138.48584,238.6597900390625,207.99169921875,162.01490783691406,G5056
2018-12-05,2018-12-05,195.50745,161.75275,132.46245,229.48948669433594,195.69305419921875,152.94053649902344,G5056
2018-12-06,2018-12-06,183.4391,152.55669,127.94937,219.47933959960938,183.7098388671875,145.25680541992188,G5056
2018-12-07,2018-12-07,172.06519,144.64534,124.44432,207.8333282470703,172.3988037109375,138.48583984375,G5056
2018-12-08,2018-12-08,161.55042,138.04568,121.19553,195.5074462890625,161.75274658203125,132.4624481201172,G5056
2018-12-09,2018-12-09,152.32436,132.63931,118.87389,183.43910217285156,152.5566864013672,127.94937133789062,G5056
2018-12-10,2018-12-10,144.63208,128.1503,116.8944,172.065185546875,144.6453399658203,124.44432067871094,G5056
2018-12-11,2018-12-11,137.9812,124.23769,114.7579,161.5504150390625,138.04568481445312,121.1955337524414,G5056
2018-12-12,2018-12-12,132.43684,121.074554,112.93191,152.32435607910156,132.63931274414062,118.87389373779297,G5056
2018-12-13,2018-12-13,127.61213,118.444725,111.52483,144.632080078125,128.15029907226562,116.89440155029297,G5056
2018-12-14,2018-12-14,123.78967,116.377304,110.33659,137.981201171875,124.2376937866211,114.75789642333984,G5056
2018-12-15,2018-12-15,120.80114,114.496895,109.3109,132.4368438720703,121.07455444335938,112.9319076538086,G5056
2018-12-16,2018-12-16,118.35127,112.88347,108.995316,127.61212921142578,118.4447250366211,111.52483367919922,G5056
2018-12-17,2018-12-17,116.206116,111.26593,109.12334,123.7896728515625,116.37730407714844,114.11056518554688,G5056
2018-12-18,2018-12-18,114.51603,110.33166,109.46346,120.80113983154297,114.49689483642578,117.30326843261719,G5056
2018-12-19,2018-12-19,112.775276,109.50369,110.24771,118.35127258300781,112.88346862792969,121.1432876586914,G5056
2018-12-20,2018-12-20,111.259,109.37182,114.110565,116.20611572265625,111.93004608154297,125.09932708740234,G5056
2018-12-21,2018-12-21,110.01688,109.076096,117.30327,114.51602935791016,114.11851501464844,128.2305450439453,G5056
2018-12-22,2018-12-22,109.18007,110.2601,121.14329,112.77527618408203,117.56385040283203,131.22067260742188,G5056
2018-12-23,2018-12-23,108.878525,111.930046,125.09933,111.75634002685547,121.36174774169922,132.05906677246094,G5056
2018-12-24,2018-12-24,109.163315,114.118515,128.23055,114.20610809326172,125.1597900390625,132.05906677246094,G5056
2018-12-25,2018-12-25,110.23888,117.56385,131.22067,117.35647583007812,128.62255859375,132.05906677246094,G5056
2018-12-26,2018-12-26,111.75634,121.36175,132.05907,120.99752044677734,131.1669921875,132.05906677246094,G5056
2018-12-27,2018-12-27,114.20611,125.15979,131.60425,125.0382308959961,132.33340454101562,132.05906677246094,G5056
2018-12-28,2018-12-28,117.356476,128.62256,129.61304,128.64039611816406,132.33340454101562,132.05906677246094,G5056
2018-12-29,2018-12-29,120.99752,131.16699,126.01127,130.83152770996094,132.33340454101562,132.05906677246094,G5056
2018-12-30,2018-12-30,125.03823,132.3334,121.27552,131.88262939453125,132.33340454101562,131.604248046875,G5056
2018-12-31,2018-12-31,128.6404,131.90079,116.02358,131.88262939453125,132.33340454101562,129.613037109375,G5056
2019-01-01,2019-01-01,130.83153,129.49861,110.31285,131.88262939453125,132.33340454101562,126.01126861572266,G5056
2019-01-02,2019-01-02,131.88263,125.68997,104.66715,131.88262939453125,132.33340454101562,121.27552032470703,G5056
2019-01-03,2019-01-03,131.54236,121.03936,99.292534,131.88262939453125,131.90078735351562,116.0235824584961,G5056
2019-01-04,2019-01-04,129.28148,115.77257,94.28471,131.88262939453125,129.4986114501953,110.31285095214844,G5056
2019-01-05,2019-01-05,125.61909,110.21084,89.53194,131.88262939453125,125.68997192382812,104.66715240478516,G5056
2019-01-06,2019-01-06,120.955826,104.62412,85.496056,131.5423583984375,121.03936004638672,99.29253387451172,G5056
2019-01-07,2019-01-07,115.72362,99.19471,81.84906,129.28147888183594,115.77256774902344,94.28471374511719,G5056
2019-01-08,2019-01-08,110.090485,94.07076,78.73743,125.61908721923828,110.2108383178711,89.53193664550781,G5056
2019-01-09,2019-01-09,104.47516,89.5411,76.18209,120.95582580566406,104.6241226196289,85.49605560302734,G5056
2019-01-10,2019-01-10,99.10652,85.44278,73.95559,115.72361755371094,99.19470977783203,81.84906005859375,G5056
2019-01-11,2019-01-11,93.9484,81.726524,71.96237,110.09048461914062,94.07076263427734,78.7374267578125,G5056
2019-01-12,2019-01-12,89.34743,78.62425,70.36449,104.47515869140625,89.54109954833984,76.18209075927734,G5056
2019-01-13,2019-01-13,85.26356,76.01898,69.04753,99.10652160644531,85.44277954101562,73.9555892944336,G5056
2019-01-14,2019-01-14,81.68584,73.808014,67.735664,93.94840240478516,81.72652435302734,71.96237182617188,G5056
2019-01-15,2019-01-15,78.5493,71.96702,66.34592,89.34742736816406,78.62425231933594,70.36448669433594,G5056
2019-01-16,2019-01-16,75.92107,70.424706,64.93116,85.26355743408203,76.01898193359375,69.04753112792969,G5056
2019-01-17,2019-01-17,73.73324,68.980804,63.554993,81.68583679199219,73.80801391601562,67.73566436767578,G5056
2019-01-18,2019-01-18,71.87457,67.543236,61.834114,78.54930114746094,71.9670181274414,66.34591674804688,G5056
2019-01-19,2019-01-19,70.21914,66.24777,60.289112,75.92106628417969,70.4247055053711,64.93115997314453,G5056
2019-01-20,2019-01-20,68.75558,64.85307,58.517685,73.73323822021484,68.98080444335938,63.55499267578125,G5056
2019-01-21,2019-01-21,67.46618,63.350418,56.727325,71.87457275390625,67.5432357788086,61.83411407470703,G5056
2019-01-22,2019-01-22,66.17351,61.854527,54.884026,70.2191390991211,66.24777221679688,60.28911209106445,G5056
2019-01-23,2019-01-23,64.67688,60.169838,52.949856,68.75557708740234,64.85307312011719,58.51768493652344,G5056
2019-01-24,2019-01-24,63.207035,58.461548,51.18345,67.46617889404297,63.35041809082031,56.727325439453125,G5056
2019-01-25,2019-01-25,61.763752,56.67188,49.37333,66.17350769042969,61.85452651977539,54.88402557373047,G5056
2019-01-26,2019-01-26,60.201042,54.81979,47.585964,64.6768798828125,60.169837951660156,52.94985580444336,G5056
2019-01-27,2019-01-27,58.430096,52.929657,45.915756,63.207035064697266,58.4615478515625,51.183448791503906,G5056
2019-01-28,2019-01-28,56.56436,51.078075,44.310642,61.76375198364258,56.671878814697266,49.373329162597656,G5056
2019-01-29,2019-01-29,54.705647,49.338135,42.800392,60.20104217529297,54.81978988647461,47.58596420288086,G5056
2019-01-30,2019-01-30,52.89231,47.598312,41.363564,58.43009567260742,52.929656982421875,45.91575622558594,G5056
2019-01-31,2019-01-31,51.109272,45.923134,40.044025,56.564361572265625,51.07807540893555,44.31064224243164,G5056
2019-02-01,2019-02-01,49.25856,44.283447,38.751724,54.70564651489258,49.338134765625,42.800392150878906,G5056
2019-02-02,2019-02-02,47.459846,42.73963,37.510685,52.892311096191406,47.59831237792969,41.363563537597656,G5056
2019-02-03,2019-02-03,45.805477,41.283787,36.411495,51.10927200317383,45.923133850097656,40.04402542114258,G5056
2019-02-04,2019-02-04,44.22983,39.972603,35.538284,49.25856018066406,44.283447265625,38.75172424316406,G5056
2019-02-05,2019-02-05,42.72366,38.66418,34.563408,47.45984649658203,42.73963165283203,37.510684967041016,G5056
2019-02-06,2019-02-06,41.343285,37.51771,33.852398,45.805477142333984,41.28378677368164,36.411495208740234,G5056
2019-02-07,2019-02-07,40.001884,36.486973,33.136738,44.22983169555664,39.97260284423828,35.53828430175781,G5056
2019-02-08,2019-02-08,38.702545,35.55147,32.620537,42.72365951538086,38.664180755615234,34.56340789794922,G5056
2019-02-09,2019-02-09,37.51465,34.628616,32.07239,41.343284606933594,37.5177116394043,33.85239791870117,G5056
2019-02-10,2019-02-10,36.443203,33.84774,31.627058,40.00188446044922,36.48697280883789,33.13673782348633,G5056
2019-02-11,2019-02-11,35.462345,33.15215,31.182436,38.702545166015625,35.55147171020508,32.62053680419922,G5056
2019-02-12,2019-02-12,34.57762,32.52856,30.786541,37.5146484375,34.62861633300781,32.072391510009766,G5056
2019-02-13,2019-02-13,33.781548,32.05663,30.382107,36.44320297241211,33.847740173339844,31.627058029174805,G5056
2019-02-14,2019-02-14,33.094276,31.60058,30.058214,35.462345123291016,33.15214920043945,31.182435989379883,G5056
2019-02-15,2019-02-15,32.55628,31.158886,29.852215,34.57762145996094,32.528560638427734,30.786540985107422,G5056
2019-02-16,2019-02-16,32.063717,30.697647,29.694195,33.78154754638672,32.0566291809082,30.38210678100586,G5056
2019-02-17,2019-02-17,31.491049,30.293896,29.541294,33.094276428222656,31.6005802154541,30.05821418762207,G5056
2019-02-18,2019-02-18,30.963749,29.979097,29.372755,32.556278228759766,31.158885955810547,29.852214813232422,G5056
2019-02-19,2019-02-19,30.551302,29.741924,29.258871,32.063716888427734,30.697647094726562,29.694194793701172,G5056
2019-02-20,2019-02-20,30.241531,29.629965,29.089594,31.49104881286621,30.293895721435547,29.54129409790039,G5056
2019-02-21,2019-02-21,29.95084,29.506008,28.978071,30.963748931884766,29.979097366333008,29.37275505065918,G5056
2019-02-22,2019-02-22,29.6939,29.303448,28.739162,30.551301956176758,29.741924285888672,29.25887107849121,G5056
2019-02-23,2019-02-23,29.56387,29.187555,28.073227,30.241531372070312,29.62996482849121,29.0895938873291,G5056
2019-02-24,2019-02-24,29.43715,29.030098,26.141321,29.95083999633789,29.50600814819336,28.978071212768555,G5056
2019-02-25,2019-02-25,29.358515,28.924883,25.390717,29.693899154663086,29.303447723388672,28.73916244506836,G5056
2019-02-26,2019-02-26,29.155874,28.751448,24.132364,29.56386947631836,29.18755531311035,28.073226928710938,G5056
2019-02-27,2019-02-27,28.963734,27.542688,23.53337,29.437149047851562,29.03009796142578,26.141321182250977,G5056
2019-02-28,2019-02-28,28.824924,25.964783,22.98481,29.3585147857666,28.924882888793945,25.390716552734375,G5056
2019-03-01,2019-03-01,28.726603,24.804026,23.050814,29.155874252319336,28.751447677612305,24.933361053466797,G5056
2019-03-02,2019-03-02,27.645912,23.567604,23.070839,28.963733673095703,27.542688369750977,25.819841384887695,G5056
2019-03-03,2019-03-03,26.003027,22.911835,23.77051,28.82492446899414,25.96478271484375,27.671831130981445,G5056
2019-03-04,2019-03-04,24.460579,22.86169,24.933361,28.72660255432129,24.804025650024414,30.696138381958008,G5056
2019-03-05,2019-03-05,23.443916,22.503187,25.819841,27.645912170410156,23.82276725769043,33.679222106933594,G5056
2019-03-06,2019-03-06,23.012598,22.187037,27.671831,26.003026962280273,25.426298141479492,37.20690155029297,G5056
2019-03-07,2019-03-07,22.669403,22.476297,30.696138,24.46057891845703,27.776552200317383,39.3448486328125,G5056
2019-03-08,2019-03-08,22.45014,23.822767,33.679222,23.569175720214844,30.65738296508789,42.2979621887207,G5056
2019-03-09,2019-03-09,21.942345,25.426298,37.2069,25.386913299560547,33.78779983520508,44.37443542480469,G5056
2019-03-10,2019-03-10,22.311625,27.776552,39.34485,27.733991622924805,37.25590515136719,45.79901885986328,G5056
2019-03-11,2019-03-11,23.569176,30.657383,42.297962,30.88546371459961,40.112213134765625,46.50189208984375,G5056
2019-03-12,2019-03-12,25.386913,33.7878,44.374435,34.22675704956055,42.58223342895508,46.897789001464844,G5056
2019-03-13,2019-03-13,27.733992,37.255905,45.79902,37.303653717041016,44.74092483520508,47.149192810058594,G5056
2019-03-14,2019-03-14,30.885464,40.112213,46.501892,39.940574645996094,45.779396057128906,47.149192810058594,G5056
2019-03-15,2019-03-15,34.226757,42.582233,46.89779,42.18771743774414,46.697364807128906,47.149192810058594,G5056
2019-03-16,2019-03-16,37.303654,44.740925,47.149193,44.11491012573242,47.016937255859375,47.149192810058594,G5056
2019-03-17,2019-03-17,39.940575,45.779396,46.347614,45.798255920410156,47.14453125,47.149192810058594,G5056
2019-03-18,2019-03-18,42.187717,46.697365,45.72449,46.92384338378906,47.14453125,47.149192810058594,G5056
2019-03-19,2019-03-19,44.11491,47.016937,45.156006,47.59111022949219,47.14453125,47.149192810058594,G5056
2019-03-20,2019-03-20,45.798256,47.14453,43.815617,47.59111022949219,47.14453125,46.34761428833008,G5056
2019-03-21,2019-03-21,46.923843,46.790447,42.960926,47.59111022949219,47.14453125,45.724491119384766,G5056
2019-03-22,2019-03-22,47.59111,46.23972,43.123135,47.59111022949219,47.14453125,45.156005859375,G5056
2019-03-23,2019-03-23,47.397846,45.050472,41.571503,47.59111022949219,47.14453125,43.815616607666016,G5056
2019-03-24,2019-03-24,46.58015,44.11874,40.27379,47.59111022949219,46.79044723510742,43.12313461303711,G5056
2019-03-25,2019-03-25,45.54564,43.264248,39.222572,47.59111022949219,46.23971939086914,43.12313461303711,G5056
2019-03-26,2019-03-26,44.661026,42.264645,37.01615,47.39784622192383,45.050472259521484,41.571502685546875,G5056
2019-03-27,2019-03-27,43.994045,41.33492,33.806282,46.58015060424805,44.11874008178711,40.27378845214844,G5056
2019-03-28,2019-03-28,43.24821,39.989223,30.31686,45.54563903808594,43.26424789428711,39.222572326660156,G5056
2019-03-29,2019-03-29,42.429443,39.00758,28.53364,44.66102600097656,42.264644622802734,37.016151428222656,G5056
2019-03-30,2019-03-30,41.255417,36.400208,25.541306,43.99404525756836,41.33491897583008,33.80628204345703,G5056
2019-03-31,2019-03-31,40.02031,33.54591,23.82957,43.24821090698242,39.98922348022461,30.31686019897461,G5056
2019-04-01,2019-04-01,38.845127,30.830599,21.524118,42.429443359375,39.0075798034668,28.533639907836914,G5056
2019-04-02,2019-04-02,36.54885,28.67046,19.377705,41.25541687011719,36.40020751953125,25.541305541992188,G5056
2019-04-03,2019-04-03,33.707558,26.203373,16.702276,40.02030944824219,33.5459098815918,23.829570770263672,G5056
2019-04-04,2019-04-04,31.41062,24.547316,15.82827,38.84512710571289,30.830598831176758,21.524118423461914,G5056
2019-04-05,2019-04-05,29.394777,21.961496,15.070456,36.548851013183594,28.670459747314453,19.377704620361328,G5056
2019-04-06,2019-04-06,27.057068,19.971262,14.214453,33.707557678222656,26.203372955322266,16.7022762298584,G5056
2019-04-07,2019-04-07,23.970707,17.446817,13.712908,31.410619735717773,24.54731559753418,15.828269958496094,G5056
2019-04-08,2019-04-08,21.388973,15.595854,13.447158,29.394777297973633,21.961496353149414,15.418971061706543,G5056
2019-04-09,2019-04-09,18.220284,13.293992,12.541465,27.05706787109375,19.971261978149414,19.15705680847168,G5056
2019-04-10,2019-04-10,16.138096,13.149449,13.597945,23.970706939697266,17.44681739807129,22.922088623046875,G5056
2019-04-11,2019-04-11,14.448884,13.074353,15.418971,21.388973236083984,15.595853805541992,28.994142532348633,G5056
2019-04-12,2019-04-12,13.377121,12.985523,19.157057,18.22028350830078,13.99477481842041,38.11861801147461,G5056
2019-04-13,2019-04-13,12.317009,12.805859,22.922089,16.13809585571289,16.245954513549805,49.101627349853516,G5056
2019-04-14,2019-04-14,11.870234,12.781007,28.994143,14.448884010314941,21.346853256225586,62.48200607299805,G5056
2019-04-15,2019-04-15,11.330783,13.994775,38.118618,13.593114852905273,28.830564498901367,76.76966094970703,G5056
2019-04-16,2019-04-16,11.010605,16.245955,49.101627,16.19052505493164,37.971412658691406,92.46178436279297,G5056
2019-04-17,2019-04-17,11.656525,21.346853,62.482006,21.30258560180664,48.84624481201172,107.82270050048828,G5056
2019-04-18,2019-04-18,13.593115,28.830564,76.76966,26.965965270996094,60.365230560302734,122.15831756591797,G5056
2019-04-19,2019-04-19,16.190525,37.971413,92.461784,35.9245491027832,78.01127624511719,133.06907653808594,G5056
2019-04-20,2019-04-20,21.302586,48.846245,107.8227,48.01888656616211,93.9896240234375,141.85838317871094,G5056
2019-04-21,2019-04-21,26.965965,60.36523,122.15832,61.56134796142578,109.51036071777344,149.28207397460938,G5056
2019-04-22,2019-04-22,35.92455,78.01128,133.06908,75.13481140136719,123.23588562011719,149.28207397460938,G5056
2019-04-23,2019-04-23,48.018887,93.989624,141.85838,90.97200012207031,133.82313537597656,149.28207397460938,G5056
2019-04-24,2019-04-24,61.561348,109.51036,149.28207,106.09334564208984,141.58413696289062,149.28207397460938,G5056
2019-04-25,2019-04-25,75.13481,123.235886,144.13225,119.71905517578125,145.39634704589844,149.28207397460938,G5056
2019-04-26,2019-04-26,90.972,133.82314,139.76746,133.59005737304688,145.39634704589844,149.28207397460938,G5056
2019-04-27,2019-04-27,106.093346,141.58414,128.27505,141.98643493652344,145.39634704589844,149.28207397460938,G5056
2019-04-28,2019-04-28,119.719055,145.39635,126.626434,147.15704345703125,145.39634704589844,144.1322479248047,G5056
2019-04-29,2019-04-29,133.59006,144.98625,123.99654,147.15704345703125,145.39634704589844,151.8364715576172,G5056
2019-04-30,2019-04-30,141.98643,138.98813,129.68628,147.15704345703125,145.39634704589844,168.7429962158203,G5056
2019-05-01,2019-05-01,147.15704,134.97551,134.92532,147.15704345703125,145.39634704589844,190.48117065429688,G5056
2019-05-02,2019-05-02,143.31366,127.96695,151.83647,147.15704345703125,144.9862518310547,211.5777130126953,G5056
2019-05-03,2019-05-03,137.24182,127.06145,168.743,147.15704345703125,157.63104248046875,225.8069305419922,G5056
2019-05-04,2019-05-04,130.25697,128.7051,190.48117,147.15704345703125,173.60812377929688,225.8069305419922,G5056
2019-05-05,2019-05-05,125.305405,139.90248,211.57771,143.31365966796875,188.5546417236328,225.8069305419922,G5056
2019-05-06,2019-05-06,125.33108,157.63104,225.80693,148.72560119628906,204.0394287109375,225.8069305419922,G5056
2019-05-07,2019-05-07,128.59315,173.60812,222.59796,166.62022399902344,216.01797485351562,225.8069305419922,G5056
2019-05-08,2019-05-08,137.56062,188.55464,220.2788,187.32144165039062,227.931884765625,225.8069305419922,G5056
2019-05-09,2019-05-09,148.7256,204.03943,208.21672,208.65602111816406,227.931884765625,225.8069305419922,G5056
2019-05-10,2019-05-10,166.62022,216.01797,191.63268,224.77528381347656,227.931884765625,222.59796142578125,G5056
2019-05-11,2019-05-11,187.32144,227.93188,182.39163,228.66433715820312,227.931884765625,220.27879333496094,G5056
2019-05-12,2019-05-12,208.65602,227.00722,181.44196,228.66433715820312,227.931884765625,208.2167205810547,G5056
2019-05-13,2019-05-13,224.77528,213.77951,172.96306,228.66433715820312,227.931884765625,191.63267517089844,G5056
2019-05-14,2019-05-14,228.66434,199.25583,170.55336,228.66433715820312,227.931884765625,182.39163208007812,G5056
2019-05-15,2019-05-15,219.8431,183.91183,166.85994,228.66433715820312,227.00721740722656,183.02426147460938,G5056
2019-05-16,2019-05-16,206.99692,173.05779,170.17389,228.66433715820312,213.77951049804688,198.0815887451172,G5056
2019-05-17,2019-05-17,194.74045,167.68132,177.00531,228.66433715820312,199.25582885742188,206.97775268554688,G5056
2019-05-18,2019-05-18,182.8061,168.19994,183.02426,219.8430938720703,183.91183471679688,215.58851623535156,G5056
2019-05-19,2019-05-19,173.3776,168.91927,198.08159,206.99691772460938,185.5215301513672,222.2692108154297,G5056
2019-05-20,2019-05-20,170.97908,173.08885,206.97775,194.74044799804688,201.29754638671875,224.91192626953125,G5056
2019-05-21,2019-05-21,169.15292,181.2696,215.58852,182.8061065673828,202.18011474609375,224.91192626953125,G5056
2019-05-22,2019-05-22,168.69243,185.52153,222.26921,187.27943420410156,212.74102783203125,224.91192626953125,G5056
2019-05-23,2019-05-23,174.35205,201.29755,224.91193,198.73069763183594,224.7451171875,224.91192626953125,G5056
2019-05-24,2019-05-24,176.22446,202.18011,219.83308,204.11380004882812,224.7451171875,224.91192626953125,G5056
2019-05-25,2019-05-25,187.27943,212.74103,217.47755,208.7216796875,224.7451171875,224.91192626953125,G5056
2019-05-26,2019-05-26,198.7307,224.74512,221.37453,217.9889373779297,226.48681640625,224.91192626953125,G5056
2019-05-27,2019-05-27,204.1138,222.3865,211.4362,223.43186950683594,226.48681640625,221.37452697753906,G5056
2019-05-28,2019-05-28,208.72168,223.4845,204.72879,223.43186950683594,226.48681640625,221.37452697753906,G5056
2019-05-29,2019-05-29,217.98894,226.48682,212.0268,223.43186950683594,226.48681640625,221.37452697753906,G5056
2019-05-30,2019-05-30,223.43187,218.12816,209.40028,226.80564880371094,226.48681640625,228.55099487304688,G5056
2019-05-31,2019-05-31,221.47397,210.3183,208.0179,226.80564880371094,226.48681640625,228.55099487304688,G5056
2019-06-01,2019-06-01,221.44994,211.54932,214.57832,226.80564880371094,226.48681640625,228.55099487304688,G5056
2019-06-02,2019-06-02,226.80565,217.97209,228.551,226.80564880371094,226.6992950439453,233.13214111328125,G5056
2019-06-03,2019-06-03,221.35207,216.41763,224.93616,226.80564880371094,226.6992950439453,233.13214111328125,G5056
2019-06-04,2019-06-04,213.93214,219.11897,225.306,226.80564880371094,230.41172790527344,233.13214111328125,G5056
2019-06-05,2019-06-05,219.2916,226.6993,233.13214,226.80564880371094,231.6781768798828,233.13214111328125,G5056
2019-06-06,2019-06-06,221.94801,226.66527,226.1585,228.52793884277344,237.30270385742188,233.13214111328125,G5056
2019-06-07,2019-06-07,221.30827,230.41173,219.90123,231.0229034423828,237.30270385742188,233.13214111328125,G5056
2019-06-08,2019-06-08,222.59848,231.67818,219.43481,233.29290771484375,237.30270385742188,233.13214111328125,G5056
2019-06-09,2019-06-09,228.52794,237.3027,221.16597,233.29290771484375,237.30270385742188,226.1584930419922,G5056
2019-06-10,2019-06-10,231.0229,227.20932,222.00444,233.29290771484375,237.30270385742188,222.0044403076172,G5056
2019-06-11,2019-06-11,233.29291,223.33846,221.40965,233.29290771484375,237.30270385742188,223.8096923828125,G5056
2019-06-12,2019-06-12,231.59323,221.78445,216.32324,233.29290771484375,237.30270385742188,223.8096923828125,G5056
2019-06-13,2019-06-13,227.99275,217.93959,215.08513,233.29290771484375,227.3230743408203,223.8096923828125,G5056
2019-06-14,2019-06-14,222.76654,227.32307,223.8097,233.29290771484375,227.3230743408203,223.8096923828125,G5056
2019-06-15,2019-06-15,220.76942,218.93045,213.09949,232.68087768554688,227.3230743408203,223.8096923828125,G5056
2019-06-16,2019-06-16,224.42375,220.58585,208.34543,232.68087768554688,227.3230743408203,223.8096923828125,G5056
2019-06-17,2019-06-17,228.33562,222.04584,215.41997,232.68087768554688,227.3230743408203,223.8096923828125,G5056
2019-06-18,2019-06-18,232.68088,221.0065,214.53004,232.68087768554688,222.04583740234375,215.4199676513672,G5056
2019-06-19,2019-06-19,229.89807,216.04153,209.77039,232.68087768554688,222.04583740234375,215.4199676513672,G5056
2019-06-20,2019-06-20,224.54076,216.56029,200.9559,232.68087768554688,222.04583740234375,215.4199676513672,G5056
2019-06-21,2019-06-21,221.42336,213.4275,198.13303,232.68087768554688,221.00650024414062,214.53004455566406,G5056
2019-06-22,2019-06-22,216.25304,213.35823,192.97513,229.8980712890625,216.56028747558594,209.7703857421875,G5056
2019-06-23,2019-06-23,214.08495,204.41496,191.77408,224.54075622558594,216.56028747558594,200.95590209960938,G5056
2019-06-24,2019-06-24,217.00209,198.63234,178.14565,221.42335510253906,213.42750549316406,198.13302612304688,G5056
2019-06-25,2019-06-25,217.08559,199.88712,183.75424,217.08558654785156,213.3582305908203,192.97512817382812,G5056
2019-06-26,2019-06-26,208.3203,195.05089,179.15497,217.08558654785156,204.4149627685547,191.77407836914062,G5056
2019-06-27,2019-06-27,202.94566,194.10927,177.0788,217.08558654785156,199.88711547851562,186.02249145507812,G5056
2019-06-28,2019-06-28,198.26358,189.81966,184.1587,217.08558654785156,199.88711547851562,201.63743591308594,G5056
2019-06-29,2019-06-29,190.87314,182.17761,183.11047,208.32029724121094,195.05088806152344,216.54595947265625,G5056
2019-06-30,2019-06-30,189.04146,179.51389,186.02249,202.94566345214844,194.10926818847656,218.3413543701172,G5056
2019-07-01,2019-07-01,185.11899,179.7671,201.63744,198.26358032226562,197.6141357421875,218.3413543701172,G5056
2019-07-02,2019-07-02,187.03796,187.20197,216.54596,192.4439697265625,198.99867248535156,218.3413543701172,G5056
2019-07-03,2019-07-03,180.73734,188.02232,218.34135,197.88626098632812,210.6701202392578,233.00082397460938,G5056
2019-07-04,2019-07-04,181.97751,197.61414,215.75069,197.9266815185547,217.79934692382812,238.9856414794922,G5056
2019-07-05,2019-07-05,192.44397,198.99867,218.02084,204.39828491210938,223.26560974121094,238.9856414794922,G5056
2019-07-06,2019-07-06,197.88626,210.67012,233.00082,218.0476837158203,235.25819396972656,238.9856414794922,G5056
2019-07-07,2019-07-07,197.92668,217.79935,238.98564,225.62445068359375,235.25819396972656,238.9856414794922,G5056
2019-07-08,2019-07-08,204.39828,223.26561,230.13907,230.62649536132812,240.82266235351562,238.9856414794922,G5056
2019-07-09,2019-07-09,218.04768,235.2582,236.71837,239.18429565429688,242.6040496826172,238.9856414794922,G5056
2019-07-10,2019-07-10,225.62445,234.96187,219.48618,243.21043395996094,242.6040496826172,238.9856414794922,G5056
2019-07-11,2019-07-11,230.6265,240.82266,226.17577,243.21043395996094,242.6040496826172,236.71836853027344,G5056
2019-07-12,2019-07-12,239.1843,242.60405,213.99512,243.21043395996094,242.6040496826172,236.71836853027344,G5056
2019-07-13,2019-07-13,243.21043,230.94818,206.07599,243.21043395996094,242.6040496826172,228.51356506347656,G5056
2019-07-14,2019-07-14,243.06482,226.81134,209.73262,243.21043395996094,242.6040496826172,243.2681427001953,G5056
2019-07-15,2019-07-15,240.94199,221.5683,227.1388,243.21043395996094,242.6040496826172,249.35166931152344,G5056
2019-07-16,2019-07-16,236.37251,215.08156,228.51357,243.21043395996094,230.94818115234375,259.3977966308594,G5056
2019-07-17,2019-07-17,226.88278,210.27028,243.26814,243.0648193359375,238.78097534179688,264.88604736328125,G5056
2019-07-18,2019-07-18,219.44557,215.47594,249.35167,240.94198608398438,249.7328338623047,270.9089050292969,G5056
2019-07-19,2019-07-19,213.33385,219.11351,259.3978,236.3725128173828,255.13694763183594,282.3750305175781,G5056
2019-07-20,2019-07-20,212.84401,238.78098,264.88605,240.72434997558594,263.29052734375,282.3750305175781,G5056
2019-07-21,2019-07-21,218.69505,249.73283,270.9089,253.05010986328125,263.29052734375,282.3750305175781,G5056
2019-07-22,2019-07-22,226.83632,255.13695,282.37503,255.301513671875,265.9736633300781,282.3750305175781,G5056
2019-07-23,2019-07-23,240.72435,263.29053,267.01624,257.7227783203125,269.4034118652344,282.3750305175781,G5056
2019-07-24,2019-07-24,253.05011,260.69202,257.47348,262.23199462890625,269.4034118652344,282.3750305175781,G5056
2019-07-25,2019-07-25,255.30151,265.97366,251.32759,266.5990905761719,269.4034118652344,282.3750305175781,G5056
2019-07-26,2019-07-26,257.72278,269.4034,237.84317,266.5990905761719,269.4034118652344,267.0162353515625,G5056
2019-07-27,2019-07-27,262.232,254.28091,216.4177,266.5990905761719,269.4034118652344,257.4734802246094,G5056
2019-07-28,2019-07-28,266.5991,250.09558,227.0907,266.5990905761719,269.4034118652344,261.2478332519531,G5056
2019-07-29,2019-07-29,265.63284,246.03305,222.15616,266.5990905761719,269.4034118652344,295.8491516113281,G5056
2019-07-30,2019-07-30,262.86453,230.65453,227.83511,266.5990905761719,254.28091430664062,320.4859313964844,G5056
2019-07-31,2019-07-31,255.03525,219.57144,261.24783,266.5990905761719,250.0955810546875,341.5854187011719,G5056
2019-08-01,2019-08-01,240.17403,219.29764,295.84915,265.6328430175781,276.6119689941406,353.5474853515625,G5056
2019-08-02,2019-08-02,229.72105,232.85172,320.48593,262.8645324707031,300.2771911621094,357.93035888671875,G5056
2019-08-03,2019-08-03,221.79143,242.21167,341.58542,258.0381774902344,328.141357421875,359.3091125488281,G5056
2019-08-04,2019-08-04,222.93137,276.61197,353.5475,288.0710144042969,350.9865417480469,359.3091125488281,G5056
2019-08-05,2019-08-05,230.81488,300.2772,357.93036,308.1805114746094,369.9454345703125,359.3091125488281,G5056
2019-08-06,2019-08-06,258.03818,328.14136,359.3091,326.97601318359375,369.9454345703125,359.3091125488281,G5056
2019-08-07,2019-08-07,288.071,350.98654,350.4124,354.8004455566406,369.9454345703125,359.3091125488281,G5056
2019-08-08,2019-08-08,308.1805,369.94543,332.54886,377.8080139160156,369.9454345703125,359.3091125488281,G5056
2019-08-09,2019-08-09,326.976,368.33383,302.91336,377.8080139160156,369.9454345703125,359.3091125488281,G5056
2019-08-10,2019-08-10,354.80045,367.96448,294.99402,377.8080139160156,369.9454345703125,350.41241455078125,G5056
2019-08-11,2019-08-11,377.808,350.69293,265.35547,377.8080139160156,369.9454345703125,332.5488586425781,G5056
2019-08-12,2019-08-12,377.1973,331.33502,259.78918,377.8080139160156,368.3338317871094,302.9133605957031,G5056
2019-08-13,2019-08-13,366.07153,313.45517,243.05533,377.8080139160156,367.9644775390625,294.9940185546875,G5056
2019-08-14,2019-08-14,353.6369,297.97836,240.17607,377.8080139160156,350.69293212890625,265.35546875,G5056
2019-08-15,2019-08-15,336.32327,279.0371,232.36035,377.1972961425781,331.33502197265625,259.7891845703125,G5056
2019-08-16,2019-08-16,324.46716,268.58417,227.30188,366.071533203125,313.4551696777344,243.05532836914062,G5056
2019-08-17,2019-08-17,304.63593,250.34344,222.33029,353.63690185546875,297.9783630371094,240.1760711669922,G5056
2019-08-18,2019-08-18,283.39758,240.69063,213.83026,336.3232727050781,279.037109375,232.3603515625,G5056
2019-08-19,2019-08-19,270.014,237.74992,218.19792,324.4671630859375,268.58416748046875,227.3018798828125,G5056
2019-08-20,2019-08-20,256.43918,233.53906,213.02368,304.63592529296875,250.34344482421875,222.33029174804688,G5056
2019-08-21,2019-08-21,244.14738,224.83397,208.18425,283.3975830078125,240.6906280517578,218.1979217529297,G5056
2019-08-22,2019-08-22,232.53212,218.6332,217.7908,270.0140075683594,237.7499237060547,218.1979217529297,G5056
2019-08-23,2019-08-23,226.86765,221.05989,214.2809,256.4391784667969,233.5390625,217.79080200195312,G5056
2019-08-24,2019-08-24,227.24733,209.5857,205.78696,244.1473846435547,224.83396911621094,218.5342559814453,G5056
2019-08-25,2019-08-25,217.40936,206.42615,204.17604,232.53211975097656,221.0598907470703,219.9871063232422,G5056
2019-08-26,2019-08-26,212.88525,214.49742,210.81161,227.24732971191406,221.0598907470703,226.0228271484375,G5056
2019-08-27,2019-08-27,212.10562,204.55638,218.53426,227.24732971191406,214.49742126464844,229.0328369140625,G5056
2019-08-28,2019-08-28,215.18599,204.10046,219.9871,217.40936279296875,214.49742126464844,229.0328369140625,G5056
2019-08-29,2019-08-29,209.37958,203.06987,226.02283,215.1859893798828,214.49742126464844,229.0328369140625,G5056
2019-08-30,2019-08-30,208.79297,207.29846,229.03284,215.1859893798828,212.648193359375,229.0328369140625,G5056
2019-08-31,2019-08-31,203.79968,212.6482,228.27303,215.1859893798828,212.648193359375,229.0328369140625,G5056
